Results: n=661 mean=5.588 stdev=±1.426 99%conf=±0.143
5.96
5.545
5.846
5.601
5.071
4.967
5.159
5.482
5.533
5.246
5.281
6.822
5.187
6.941
5.421
5.771
5.47
5.906
5.204
4.893
4.666
5.154
4.835
5.334
5.614
5.88
5.659
5.437
5.538
5.103
5.445
5.705
5.074
5.236
5.713
5.812
7.632
5.867
5.441
5.201
5.525
5.572
4.999
5.404
5.148
5.099
5.293
4.96
5.534
5.531
5.537
5.38
5.246
5.388
5.357
4.804
5.921
5.633
7.661
5.353
5.584
5.373
5.384
5.439
5.259
5.887
5.282
5.404
5.193
5.553
5.653
5.957
6.58
5.476
5.887
5.493
5.848
5.843
5.6
6.378
5.325
5.423
5.614
5.474
5.322
5.893
5.49
5.383
5.472
5.24
5.064
5.09
9.653
5.333
4.776
11.47
7.266
5.021
5.529
5.221
6.513
5.427
5.179
5.626
6.159
5.733
5.919
5.37
5.093
5.551
5.596
5.59
5.938
5.906
5.385
5.449
5.354
7.308
6.742
5.103
5.062
5.7
5.582
5.006
5.589
5.185
5.254
5.359
5.38
5.042
5.323
5.148
5.046
4.903
5.271
5.547
5.59
5.505
5.962
4.982
5.082
5.27
5.924
5.682
5.098
5.212
6.003
5.083
5.669
5.954
5.498
5.218
6.209
5.098
5.104
5.359
5.474
5.165
5.356
6.409
5.394
5.636
5.176
5.525
5.252
5.761
5.671
6.068
5.198
5.162
5.44
4.812
5.052
5.829
5.794
5.418
5.551
5.246
5.285
5.191
5.244
5.675
5.069
5.175
4.892
5.059
5.059
5.367
5.814
5.424
5.107
5.743
5.439
5.138
5.3
5.207
5.165
5.266
6.023
5.122
5.707
6.06
5.661
5.723
6.135
6.964
5.397
5.372
7.425
5.573
5.54
5.758
5.23
5.023
5.395
5.302
5.476
5.158
6.443
4.979
6.246
4.984
5.342
6.668
5.225
5.437
6.852
5.48
5.248
5.801
14.454
12.64
30.758
5.148
5.778
5.726
6.015
5.374
5.699
5.084
5.199
6.306
5.672
5.278
6.499
5.361
5.39
5.572
5.433
6.398
5.313
5.414
5.055
4.834
5.119
5.554
5.247
6.048
5.793
5.372
5.442
5.377
5.913
6.107
5.574
5.365
6.125
7.39
5.102
5.614
5.206
5.854
5.038
4.794
5.684
4.945
5.157
5.594
5.355
5.285
5.601
5.207
5.722
5.144
5.186
4.961
5.289
5.52
5.738
5.847
5.16
7.8
4.978
5.713
6.325
5.026
5.573
5.17
5.334
5.281
5.311
5.363
5.496
5.345
5.684
5.554
5.473
4.737
5.146
4.903
5.009
5.526
5.418
4.768
4.578
5.327
5.112
5.141
5.237
5.217
5.984
5.021
5.203
6.982
5.023
5.407
5.232
4.958
4.737
4.968
6.151
5.399
4.756
5.366
5.004
4.895
5.237
5.413
5.451
4.995
5.195
5.111
5.1
5.244
5.204
5.146
5.596
5.756
5.207
5.21
4.991
5.156
4.87
5.099
4.96
5.031
5.407
4.855
8.16
4.931
5.41
5.546
5.589
7.132
5.128
5.548
5.059
4.937
4.997
5.475
5.313
5.546
5.252
4.969
5.408
6.317
5.058
5.112
5.187
4.661
5.181
5.401
4.9
5.014
5.283
5.053
4.841
5.111
5.342
5.052
5.275
5.223
5.379
6.666
5.197
5.112
4.964
4.822
4.723
5.342
5.17
5.446
4.953
5.063
5.002
7.286
4.939
5.206
5.125
5.087
4.83
5.366
4.756
5.495
5.13
5.097
4.891
5.069
5.121
5.438
5.1
5.431
5.664
4.992
5.395
4.875
5.352
5.041
5.235
5.249
5.052
4.997
5.222
5.353
4.734
4.756
5.325
4.915
5.667
5.06
5.0
5.511
4.851
4.942
5.061
5.353
4.911
4.922
5.009
7.344
5.002
5.828
5.12
4.941
5.376
4.831
13.432
5.548
4.569
5.038
5.435
4.952
5.001
4.863
5.165
5.128
4.901
5.266
4.942
5.271
5.308
5.694
5.305
5.167
5.156
5.113
4.969
4.799
5.149
5.483
5.087
5.564
5.86
5.146
5.92
5.156
5.683
4.864
4.946
5.508
4.935
5.88
5.015
5.568
5.778
5.082
5.301
5.846
6.535
5.913
6.119
5.552
5.159
5.242
5.154
6.305
5.098
4.941
5.604
11.156
5.048
5.392
5.187
5.443
5.318
6.241
5.157
6.615
5.124
5.001
5.719
5.393
5.654
5.811
5.369
5.33
4.717
5.299
7.199
5.195
5.551
4.964
5.993
5.652
5.786
5.371
5.975
6.073
13.273
17.534
6.996
5.311
8.793
6.086
5.666
4.994
7.478
5.139
5.358
8.002
9.946
6.127
6.736
6.775
6.952
6.867
5.973
5.95
5.219
5.326
5.343
7.906
5.132
4.984
6.739
5.653
5.367
5.773
5.62
5.945
6.117
5.918
5.364
4.902
5.922
5.503
5.301
4.921
5.87
5.356
5.343
4.992
5.362
4.952
5.712
5.214
5.557
5.68
5.164
5.229
5.338
4.964
5.756
5.051
5.133
5.31
5.095
5.218
5.677
5.403
5.96
5.371
5.161
6.543
5.035
5.146
5.508
8.103
5.615
5.362
5.794
5.87
6.576
5.147
5.367
5.35
5.275
4.803
6.624
5.456
5.034
5.561
5.606
4.746
4.785
4.851
5.924
4.884
5.974
5.283
5.4
4.753
5.053
5.208
5.447
5.49
5.122
4.866
4.822
5.466
4.799
5.482
5.054
4.854
4.809
5.223
4.926
4.6
5.124
5.157
5.426
5.573
5.101
5.27
5.385
5.096
4.92
5.269
5.56
4.942
5.192
