Results: n=928 mean=3.130 stdev=±0.308 99%conf=±0.026
3.175
3.235
3.023
3.129
3.07
2.946
3.125
3.37
3.099
3.409
3.695
3.174
2.949
3.29
3.284
3.056
3.179
3.12
3.124
3.255
2.962
3.473
3.079
2.889
3.061
3.226
2.938
2.886
3.135
3.233
3.257
2.948
3.05
3.066
3.029
2.868
2.853
3.23
3.022
2.857
3.026
2.917
2.962
2.877
3.023
3.806
3.235
2.801
2.911
2.841
2.867
2.944
3.156
3.097
3.165
2.824
2.819
2.765
3.054
2.799
3.044
3.286
3.218
3.01
3.269
2.897
2.999
2.898
3.147
2.932
2.912
2.98
3.222
2.937
3.233
3.078
2.99
2.968
3.732
2.841
2.951
3.058
2.982
3.06
3.008
2.956
2.974
3.194
3.977
2.883
3.075
2.8
2.864
3.362
3.121
2.859
2.95
3.037
3.16
4.475
2.956
2.716
2.904
2.855
3.055
2.641
2.87
2.886
2.939
3.054
2.843
2.959
2.886
2.996
2.924
2.87
2.713
3.047
2.701
2.768
3.251
2.936
3.062
2.943
2.98
3.063
2.875
3.2
2.688
2.747
2.996
2.865
2.912
2.698
3.013
3.631
2.868
2.966
2.857
3.005
2.811
3.203
2.779
2.636
2.759
2.763
3.098
2.851
2.809
2.876
3.024
3.143
3.068
2.755
2.917
3.008
2.625
3.09
2.849
2.69
2.828
2.853
2.851
2.838
3.555
2.903
2.941
3.143
2.813
2.859
2.712
3.009
3.086
2.842
3.581
2.878
2.727
2.709
2.749
2.776
2.713
2.851
3.009
3.34
3.001
3.088
2.682
2.847
2.813
2.832
3.189
3.005
2.832
2.857
2.845
2.915
2.831
2.815
3.034
4.416
2.979
2.762
2.841
3.202
2.983
2.95
2.927
3.218
3.377
2.949
2.899
3.258
2.787
2.966
3.095
2.829
3.206
3.276
3.193
3.101
2.943
3.166
3.097
2.78
3.609
2.937
3.155
3.552
3.052
2.868
3.069
3.169
3.037
2.987
2.891
3.262
3.333
3.354
2.709
3.57
2.977
3.02
2.917
2.817
2.769
4.46
2.967
2.853
3.145
3.36
2.917
2.968
3.022
3.6
2.893
3.093
3.393
3.517
3.402
3.498
2.888
2.784
3.141
2.926
2.958
2.753
3.314
2.926
2.897
3.379
3.226
3.457
3.01
3.097
2.827
3.501
3.292
2.844
2.842
3.046
2.906
3.385
3.549
2.993
3.878
3.471
2.919
2.792
3.008
3.383
3.288
2.92
3.353
3.198
2.929
3.121
4.02
2.768
3.182
3.43
2.98
3.098
2.899
4.151
3.452
3.17
2.945
2.946
2.576
2.911
2.795
2.987
3.733
2.895
2.716
2.839
3.452
2.885
2.979
3.115
3.021
2.771
3.999
3.296
3.289
2.806
2.992
3.183
3.288
3.224
3.13
3.372
3.353
3.141
3.224
3.189
3.31
2.804
4.092
2.997
2.829
2.954
2.85
3.068
3.496
3.39
2.745
3.017
3.396
3.005
3.448
2.891
3.092
3.008
2.771
2.801
2.843
2.834
4.287
3.221
3.146
2.962
2.827
3.044
2.92
2.859
3.132
3.226
3.132
2.735
3.469
3.052
2.987
3.007
3.581
3.201
3.313
2.901
2.758
2.784
2.96
2.997
2.885
3.144
3.069
2.943
3.021
2.967
2.842
2.915
3.347
3.201
3.219
3.162
3.969
2.94
3.467
3.047
3.292
3.141
3.334
3.111
3.626
3.023
2.986
2.838
2.758
2.943
3.141
3.218
2.783
3.449
3.168
3.058
2.63
2.888
3.053
3.048
2.979
3.12
3.157
3.036
3.467
2.995
2.672
2.999
2.871
2.702
3.003
3.14
2.938
2.874
3.148
2.832
2.998
2.964
3.305
2.817
2.964
3.035
3.316
2.888
2.878
2.76
3.057
2.836
2.851
4.168
3.004
3.331
2.897
2.977
2.814
3.209
3.075
2.641
3.056
3.906
2.836
4.432
2.989
2.918
3.123
2.815
3.017
2.763
2.944
4.445
3.402
2.848
3.169
2.959
3.479
2.77
2.905
2.697
2.896
3.284
3.25
3.027
3.324
3.06
2.945
2.908
2.76
2.78
3.263
3.126
2.911
3.512
2.947
2.786
3.703
2.967
2.921
2.884
2.677
3.41
2.97
2.88
2.968
2.804
2.978
3.109
2.868
2.916
3.049
3.006
2.933
3.331
2.879
3.251
2.782
3.128
2.845
3.437
3.466
3.051
2.865
3.534
3.084
2.985
3.335
3.148
3.136
3.018
3.29
2.897
2.835
2.788
3.543
3.199
3.196
2.671
2.812
2.965
3.261
3.135
2.78
3.19
2.981
3.303
3.101
3.567
3.804
2.874
2.802
3.232
2.72
2.819
3.254
3.009
2.731
3.137
3.022
2.729
3.097
3.194
3.058
2.996
3.508
2.794
2.852
3.061
2.777
3.131
2.855
2.996
3.174
2.843
2.956
3.159
3.091
2.701
2.892
2.915
2.762
3.012
2.908
2.939
2.872
3.046
2.876
2.991
2.764
2.795
2.866
3.006
2.878
3.096
3.67
3.077
2.678
3.174
3.782
2.909
2.987
2.788
3.013
3.097
2.837
4.489
4.118
3.107
3.326
3.632
3.161
3.211
3.433
3.644
3.133
2.825
3.052
3.012
3.246
2.991
3.022
3.352
2.925
3.136
3.097
3.339
3.068
3.245
3.038
3.497
3.273
3.273
3.215
3.333
3.202
3.298
3.169
3.108
3.288
3.079
3.002
3.312
2.989
3.288
3.357
3.2
3.238
3.499
3.263
3.064
3.096
3.044
3.277
2.968
3.249
3.992
3.21
3.279
3.474
3.169
3.211
3.163
3.445
3.481
3.139
3.085
3.346
3.12
3.231
3.105
2.921
3.332
3.393
3.26
3.211
3.181
3.236
3.182
3.45
3.504
3.368
4.431
3.281
3.031
2.928
3.482
3.048
3.183
2.967
3.117
3.01
3.197
3.316
3.764
3.439
3.144
3.54
3.698
3.298
3.287
3.439
3.455
3.238
3.415
3.15
3.02
3.487
3.77
2.935
3.2
3.204
3.285
3.385
3.152
3.348
3.353
3.116
3.139
3.412
2.947
2.982
3.216
3.362
2.943
2.93
2.86
2.684
2.998
3.241
3.207
3.341
3.313
2.858
2.827
3.132
3.667
3.032
3.205
3.037
2.923
3.256
3.628
3.015
3.29
3.442
3.21
3.328
3.506
3.334
3.34
3.267
3.807
3.214
3.561
3.283
3.382
3.607
4.081
3.341
3.539
3.525
3.654
3.107
3.652
3.172
4.063
2.952
2.97
3.026
2.912
2.93
3.269
3.142
2.98
3.212
3.356
3.181
3.321
3.215
2.984
3.149
3.125
2.55
3.096
3.087
3.688
3.275
2.651
3.002
3.233
2.926
3.017
3.092
3.639
4.033
3.515
3.227
3.278
3.227
2.98
2.923
3.047
3.479
3.245
3.282
3.137
3.758
3.518
3.267
3.028
3.106
3.137
3.436
3.243
3.148
3.768
3.353
3.535
3.394
4.06
3.491
3.861
3.171
3.207
3.137
3.696
3.141
3.341
3.143
3.635
3.388
3.414
3.239
3.428
3.175
3.451
4.137
3.46
3.22
3.402
3.337
3.521
3.331
3.215
3.45
3.735
3.286
3.399
3.025
3.115
3.346
3.672
3.608
3.244
3.856
3.742
3.768
3.327
3.355
3.259
3.291
2.942
3.086
3.112
3.396
4.118
3.506
2.945
3.121
2.701
2.968
2.966
3.209
3.768
3.362
2.769
2.824
2.698
3.005
3.768
3.031
3.337
3.312
2.938
2.912
3.028
2.701
2.878
3.077
3.179
3.324
3.027
2.825
3.77
3.436
2.876
3.183
3.37
2.859
2.944
2.937
2.884
2.987
4.46
2.888
3.218
2.78
2.825
2.937
3.139
2.987
2.78
2.892
3.581
2.908
3.439
3.328
3.581
3.215
3.39
2.784
3.116
3.064
2.832
3.382
2.967
4.033
2.825
3.007
3.249
3.992
3.047
