SETUP = dtls
ITERATIONS = 1000
DTLS_CIPHER = DHE-RSA-AES128-GCM-SHA256
DTLS_VERSION = TLS1.2
DTLS_TYPE = RSA

Results: n=1000 mean=3.379-0.458 stdev=±0.317 99%conf=±0.026
3.046
2.767
2.505
2.92
2.998
2.928
3.108
3.161
3.427
3.272
2.666
2.806
3.416
3.179
3.115
2.902
3.311
2.78
2.934
2.967
2.912
2.777
2.771
2.96
2.692
2.803
2.937
3.747
3.262
3.456
2.933
3.193
2.785
2.923
2.836
2.836
3.257
2.726
2.899
3.029
3.007
2.778
2.861
3.057
3.135
3.613
2.881
2.819
2.78
3.049
3.039
3.099
3.072
3.334
3.029
3.068
3.157
2.857
2.992
2.947
3.068
3.12
3.513
3.106
2.962
3.213
2.99
2.965
3.114
3.179
3.155
3.194
3.023
3.305
3.057
3.124
3.385
3.137
3.247
3.271
3.07
3.067
3.044
3.325
3.177
3.554
3.294
2.997
3.375
3.14
3.625
3.514
3.075
3.262
3.35
3.377
2.86
3.317
3.131
3.166
3.136
3.044
3.134
2.953
2.922
3.128
3.103
3.145
3.154
3.743
3.11
3.155
3.243
3.261
3.45
3.6
3.121
2.981
3.38
3.195
4.641
3.841
5.216
3.397
3.531
3.085
3.361
3.141
3.347
3.583
3.326
3.462
3.043
3.43
3.14
3.227
3.519
3.604
3.258
3.429
3.542
3.264
3.116
3.363
3.247
3.306
3.199
3.495
3.544
3.486
3.279
3.303
3.233
3.146
3.587
3.491
3.173
4.183
3.23
2.997
3.069
3.473
3.466
3.195
3.488
4.845
3.186
3.301
3.076
3.21
3.21
3.416
3.065
3.449
3.285
3.365
3.167
3.357
3.398
3.696
3.114
3.356
3.074
4.279
3.454
3.555
3.291
3.204
3.407
3.446
3.04
3.39
3.242
3.597
3.088
2.978
3.293
3.315
3.154
3.766
3.327
3.15
3.71
3.36
3.358
3.289
3.467
3.146
3.505
3.718
3.315
3.416
3.854
3.139
3.345
3.298
3.295
3.363
3.309
3.412
3.364
3.568
3.461
3.409
3.39
3.136
3.246
3.294
3.383
3.319
3.682
3.312
3.025
3.188
3.362
3.496
2.914
3.571
3.338
3.089
3.218
3.33
3.295
3.276
3.664
3.159
3.533
3.403
3.263
3.032
3.153
3.316
3.359
3.083
3.358
3.361
3.236
3.38
3.233
3.41
5.052
3.477
3.194
3.074
3.24
3.122
3.561
3.217
3.417
3.25
3.531
3.647
3.445
3.249
3.206
3.356
3.823
3.141
3.303
3.203
3.373
3.439
3.281
3.415
3.559
3.804
3.423
3.478
3.372
3.657
3.129
3.225
3.561
3.224
3.139
3.341
3.268
3.342
3.184
3.474
3.249
3.415
2.959
3.382
3.054
3.427
3.164
3.343
3.182
3.486
3.575
3.134
3.358
3.518
3.488
3.394
3.287
3.639
3.433
3.504
3.735
3.451
3.178
3.25
3.619
4.659
3.705
3.305
3.061
3.651
3.324
3.425
3.512
3.018
3.359
3.37
3.476
3.37
3.099
3.526
3.397
3.146
3.701
3.133
3.481
2.921
3.253
3.245
3.248
3.267
3.184
3.294
3.391
3.262
3.22
3.689
3.293
3.329
3.376
3.156
3.404
3.523
3.433
3.69
3.244
3.463
3.193
3.561
5.074
3.501
3.228
3.593
3.314
3.276
3.157
3.254
3.541
3.485
3.456
3.503
3.333
3.102
3.246
3.344
3.011
3.243
3.882
3.078
3.158
3.36
3.322
3.541
3.556
3.287
3.39
4.696
3.42
2.906
3.841
3.427
3.38
3.337
3.08
3.179
2.954
3.534
3.17
3.183
3.239
3.288
3.149
3.992
3.523
3.59
3.133
3.373
3.576
3.374
3.589
3.441
3.173
3.464
3.315
3.265
3.257
3.339
3.589
3.336
3.344
3.363
3.354
3.304
3.308
3.404
3.135
3.646
3.477
3.738
3.537
3.226
3.431
3.304
3.488
3.284
3.63
3.282
3.373
3.581
3.758
3.513
3.286
3.255
3.212
3.312
3.489
3.304
4.521
3.325
3.281
3.147
3.659
3.114
3.307
3.399
3.156
3.637
3.31
3.772
3.576
3.606
3.471
3.204
3.271
3.269
3.498
3.501
3.279
3.39
3.084
3.539
3.192
3.618
3.676
3.332
3.487
3.415
3.19
3.03
3.354
3.594
3.196
3.666
3.569
3.578
3.605
3.399
3.38
3.317
3.531
3.307
3.014
3.071
3.194
3.457
3.6
3.159
3.209
3.18
3.218
3.598
3.476
3.773
3.513
3.087
3.85
3.242
3.427
3.136
3.308
3.378
3.554
3.331
3.239
3.262
3.739
3.108
3.733
3.15
3.626
3.534
3.324
3.435
3.273
3.246
3.529
3.366
3.208
3.505
5.315
3.442
3.552
3.204
3.677
3.468
3.401
3.472
3.455
3.378
3.461
3.193
3.528
3.263
3.493
3.45
3.117
3.083
3.779
4.192
3.483
3.281
3.124
3.363
3.134
3.049
3.265
3.282
3.158
3.339
3.179
3.16
3.269
3.153
3.285
3.668
3.112
2.89
3.284
3.091
3.3
3.233
3.343
3.59
5.23
3.063
4.154
3.649
3.398
3.444
3.453
3.734
3.561
4.208
3.633
3.486
3.654
3.147
3.934
3.268
3.537
3.688
3.674
3.226
4.991
3.29
3.617
3.272
3.279
3.251
3.251
3.153
3.556
2.971
3.562
3.37
3.29
3.232
3.191
3.3
3.647
3.519
2.91
3.511
3.516
3.248
3.277
3.829
3.208
3.6
3.366
3.342
3.204
3.304
3.146
3.183
3.224
3.265
3.499
3.518
3.266
3.208
3.193
3.253
3.671
3.706
3.135
3.495
3.418
3.434
4.446
3.356
3.641
3.414
3.636
3.351
3.337
3.325
3.843
3.229
3.439
3.414
3.29
3.589
3.62
3.428
3.431
3.563
3.289
3.472
3.455
3.756
3.754
3.426
4.35
3.617
3.35
3.149
3.588
3.488
3.905
3.478
3.364
3.241
3.149
3.257
3.256
2.977
3.342
3.438
3.474
3.972
3.158
3.426
3.255
3.216
3.1
3.378
3.425
3.66
3.642
3.399
3.593
3.148
3.194
3.41
3.131
3.187
3.432
3.073
3.486
3.055
3.35
3.523
3.506
3.101
3.447
3.279
3.351
3.533
3.229
3.268
3.453
3.325
3.11
3.643
3.521
3.695
3.535
3.42
3.504
3.4
3.417
4.099
3.62
3.147
3.2
3.399
3.051
3.641
3.595
3.458
3.375
3.421
3.599
3.242
3.18
3.447
3.67
3.81
3.248
3.164
3.683
3.469
3.294
3.246
3.181
3.433
3.289
3.46
4.94
3.459
3.353
3.593
3.53
3.465
3.27
3.3
3.514
3.822
3.194
3.436
3.173
3.759
3.471
3.438
3.516
3.405
3.475
3.603
3.246
3.605
3.989
3.692
3.463
3.298
5.049
3.58
3.686
3.63
3.392
5.05
3.541
3.563
3.923
3.416
3.456
3.154
3.208
3.661
3.01
3.379
3.551
3.324
3.429
3.301
2.999
3.183
3.357
3.103
3.133
3.636
3.405
3.037
3.325
3.275
2.912
3.42
3.644
3.022
3.462
3.333
3.518
3.711
4.006
3.199
3.137
3.297
3.747
3.693
3.323
4.686
3.168
3.382
3.326
3.152
3.174
3.458
3.336
3.597
3.358
3.318
3.17
3.328
3.686
3.437
3.213
4.318
3.084
3.853
3.269
3.614
3.356
3.619
3.451
3.389
3.617
3.312
3.712
3.474
3.217
3.579
3.03
3.306
3.422
3.089
3.559
3.574
4.199
3.282
3.723
3.063
3.512
3.33
3.46
3.381
3.441
3.204
4.113
3.195
3.309
3.844
3.321
2.96
2.996
3.469
3.143
3.296
3.258
3.456
3.896
3.185
3.189
3.424
3.308
3.138
3.747
3.102
3.365
3.462
3.652
3.48
3.654
3.208
3.632
3.338
5.07
3.469
4.428
3.234
3.105
3.369
3.41
3.726
3.637
3.072
3.265
3.539
3.392
3.313
3.163
3.336
3.38
3.206
3.484
3.396
3.176
3.963
2.929
3.34
3.721
3.301
3.209
3.197
3.317
3.068
3.348
3.384
3.532
3.32
3.328
3.294
3.449
3.024
3.369
3.625
3.758
3.645
3.536
3.154
3.447
3.45
3.233
3.19
3.232
3.081
3.369
3.241
3.513
3.555
3.512
3.355
3.65
3.43
3.445
3.145
3.365
4.064
3.314
3.34
3.408
3.418
3.553
3.796
3.245
4.563
3.41
3.333
3.411
3.339
3.697
3.475
3.676
3.237
3.049
3.515
3.151
3.382
3.399
3.085
3.163
3.483
3.355
3.274
3.283
3.543
3.314
3.466
3.757
3.109
3.548
3.251
