SETUP = dtls
ITERATIONS = 1000
DTLS_CIPHER = ECDHE-ECDSA-AES128-GCM-SHA256
DTLS_VERSION = TLS1.2
DTLS_TYPE = ECDSA

Results: n=1000 mean=3.506-0.458 stdev=±0.346 99%conf=±0.028
3.179
3.195
3.17
3.116
3.171
3.125
3.047
3.668
3.124
3.241
2.963
3.145
3.072
2.92
3.073
3.082
3.207
3.301
3.017
3.58
3.287
3.567
3.542
3.124
3.35
3.574
4.64
3.365
3.29
3.032
3.478
3.352
3.085
3.256
3.394
3.52
3.047
3.095
3.148
3.774
3.248
3.385
3.5
3.506
3.373
3.243
3.29
3.443
3.479
3.264
3.554
3.259
3.481
3.352
3.654
3.527
3.248
3.16
3.48
4.677
3.461
3.048
4.356
3.503
3.475
4.108
3.6
3.476
3.349
3.638
4.102
3.542
3.445
3.277
3.52
3.168
3.783
3.834
3.294
4.055
5.018
3.582
3.463
3.472
3.848
4.726
3.654
3.294
3.712
4.085
3.37
3.244
3.496
3.755
3.527
3.347
3.29
3.51
3.507
3.44
3.219
3.134
3.972
3.715
3.776
3.42
3.283
3.924
3.356
3.515
4.144
3.374
3.42
3.474
3.679
3.485
3.604
3.692
3.345
3.096
3.447
3.102
3.427
3.671
4.063
3.31
3.334
3.71
3.405
3.463
3.216
3.577
3.427
3.566
3.341
3.24
3.15
3.122
5.076
3.419
4.008
3.592
3.881
3.522
3.664
3.725
4.0
3.451
4.045
3.885
3.494
3.975
3.403
3.562
4.093
3.421
3.226
3.862
3.399
3.306
3.355
3.884
4.42
3.364
3.238
3.25
3.846
3.366
3.36
3.347
3.332
3.701
3.583
4.315
3.613
3.499
3.48
3.563
3.416
3.423
3.491
3.518
3.291
3.497
4.435
3.493
3.751
3.143
3.789
4.224
3.572
3.618
3.368
3.848
3.505
3.762
5.138
3.598
4.969
3.383
3.282
3.977
5.049
3.569
3.425
3.623
3.687
3.448
3.368
3.393
3.661
3.122
3.375
3.217
5.222
3.35
3.461
3.481
3.233
3.493
3.777
3.507
4.424
3.149
3.791
3.479
3.577
3.206
3.297
3.281
3.813
3.399
3.361
3.45
3.636
5.124
4.004
3.329
3.351
4.487
3.723
3.617
3.481
3.514
3.355
3.161
3.643
3.392
3.685
3.202
3.73
3.148
3.379
3.352
3.512
3.463
3.535
3.292
3.188
3.176
3.491
3.236
3.446
3.495
3.33
3.577
3.028
3.67
3.29
3.855
3.22
3.694
3.363
3.36
3.419
3.254
3.191
3.475
3.743
3.659
3.365
3.503
3.388
3.172
4.141
3.677
3.253
3.591
4.483
3.675
3.591
3.466
3.313
3.562
3.34
3.385
3.303
3.565
3.325
3.983
3.455
3.75
3.606
3.562
3.468
3.506
3.504
4.327
3.495
4.047
3.765
3.658
3.403
3.323
3.221
3.482
3.302
3.609
3.278
3.416
3.521
3.594
3.7
3.681
3.179
3.561
3.753
3.471
3.498
3.285
3.286
3.542
3.478
3.443
3.27
3.359
3.627
3.412
3.725
3.488
3.349
3.609
3.203
3.727
4.645
4.139
3.377
4.472
3.408
3.52
3.431
3.817
3.549
4.234
3.262
3.722
3.926
3.351
3.434
3.819
3.543
3.366
3.183
3.341
3.375
3.393
3.355
3.357
3.55
3.538
3.922
3.749
3.563
3.466
3.529
3.321
3.408
3.795
3.566
3.61
3.396
3.229
4.017
3.284
3.37
3.586
4.002
3.296
3.871
3.226
3.824
3.241
3.66
3.069
3.928
3.581
3.553
3.89
3.278
3.4
4.158
3.927
5.187
3.298
4.44
3.211
3.756
3.118
3.324
3.619
3.606
3.457
3.524
3.083
3.503
3.434
3.448
3.159
3.711
3.087
4.203
3.308
3.433
3.62
3.364
3.6
3.514
4.123
3.649
3.586
3.892
3.31
3.463
3.64
3.622
3.487
3.605
4.056
3.151
3.32
4.034
3.649
3.635
3.965
3.662
3.179
3.394
4.104
3.948
3.358
3.418
3.299
3.614
3.254
4.06
3.476
3.246
3.312
4.392
3.504
4.031
4.32
3.812
3.634
3.757
3.29
3.43
3.375
3.381
3.494
3.458
3.978
3.604
4.134
3.662
3.468
3.941
3.749
3.405
3.602
3.528
4.464
3.501
3.881
3.68
3.402
3.438
3.274
3.803
3.811
4.131
3.529
3.414
3.281
3.582
3.421
3.938
3.341
4.092
3.418
3.574
3.467
4.153
3.26
3.286
3.437
3.517
3.425
3.598
3.164
3.463
3.735
3.143
3.787
3.399
3.299
3.107
3.388
3.574
3.512
3.499
3.482
3.526
3.324
3.242
3.43
3.623
3.336
3.454
3.156
3.264
3.886
3.383
3.576
3.43
3.438
3.386
3.535
3.665
4.941
3.319
3.493
3.28
3.566
3.008
3.048
3.378
3.58
3.276
3.084
3.221
3.414
3.148
3.378
3.197
3.234
3.138
3.265
3.526
2.949
3.636
3.413
3.534
3.373
3.208
3.376
3.188
3.427
3.363
3.472
3.185
3.754
3.414
3.587
3.554
3.2
3.372
3.422
3.531
3.249
3.468
3.663
3.397
3.288
3.559
3.242
4.85
3.777
4.113
3.638
3.112
3.282
3.392
3.747
3.172
3.192
3.209
3.683
3.416
3.557
3.225
3.238
4.223
3.43
3.434
3.459
3.238
4.38
3.4
3.754
3.572
3.464
3.601
3.467
3.427
3.174
3.654
3.472
3.186
3.462
3.658
3.255
3.607
3.685
3.382
3.286
3.41
3.239
3.871
3.371
3.456
3.58
3.592
3.708
3.15
3.331
3.278
3.489
3.517
3.414
3.525
3.043
3.67
3.154
3.359
3.54
3.494
3.322
3.428
3.926
3.287
3.253
3.275
4.973
3.365
3.221
3.37
3.38
3.274
3.613
3.162
3.74
3.121
3.478
3.509
3.453
3.249
3.106
3.262
3.464
3.22
3.281
3.509
3.714
3.185
3.396
3.552
3.352
3.359
3.342
3.315
3.483
3.501
3.364
3.434
3.416
3.227
3.121
3.847
3.246
3.427
3.101
3.014
3.506
3.316
3.131
3.468
3.135
3.459
2.918
3.682
3.409
3.598
3.353
3.55
3.271
3.325
3.46
3.244
3.364
3.481
3.199
3.27
3.213
3.561
3.59
3.317
3.161
3.198
3.446
3.148
3.366
3.543
3.638
3.464
3.618
3.725
3.057
3.384
3.817
3.313
3.449
3.269
4.47
3.601
3.262
3.263
3.436
4.634
3.168
3.397
3.406
3.268
3.257
3.452
3.16
3.699
3.339
3.411
3.765
3.802
3.36
3.503
2.836
3.111
3.364
3.284
3.22
3.658
3.774
3.513
3.581
3.584
3.264
3.408
3.631
3.784
3.029
3.239
3.428
3.487
3.248
3.713
4.809
3.125
3.363
3.315
3.637
3.652
3.426
3.423
3.432
3.158
3.256
3.336
3.309
3.26
3.374
3.439
3.41
3.516
3.553
3.327
3.535
3.368
3.206
3.255
3.378
3.448
3.001
3.181
3.545
3.589
3.561
3.253
3.832
3.45
3.263
3.334
3.474
3.688
3.588
3.444
3.66
3.525
3.811
3.335
3.17
3.622
3.458
3.636
3.613
3.451
3.318
3.341
3.347
4.661
3.384
3.594
3.684
3.404
3.377
3.368
3.413
5.047
3.367
4.739
3.537
3.042
3.178
3.601
3.312
3.45
3.497
5.622
3.18
3.259
3.489
2.976
3.397
3.335
3.552
3.495
3.611
3.37
3.504
3.391
3.564
3.398
3.324
3.223
3.417
3.602
3.163
3.383
3.359
3.177
3.713
3.459
3.569
3.179
3.31
3.231
3.487
3.199
3.412
3.476
3.234
3.679
3.032
3.498
3.978
3.386
3.416
3.61
3.074
3.171
3.654
3.04
3.339
3.392
3.437
3.341
3.683
3.569
3.817
3.437
4.886
3.6
3.648
3.459
3.295
3.023
3.076
3.526
3.544
3.707
3.38
3.428
3.217
3.36
3.508
3.354
3.503
3.137
3.527
3.376
3.697
3.414
3.211
3.548
3.639
3.821
3.257
3.365
3.18
3.433
3.469
3.548
3.559
3.611
3.754
3.357
3.601
3.826
3.165
3.73
3.016
3.5
3.53
3.348
3.1
3.352
3.227
3.18
3.536
3.074
3.677
3.688
3.308
3.906
3.769
5.223
3.449
3.554
3.417
3.617
3.076
3.431
3.483
3.404
3.759
3.165
3.254
3.361
3.405
3.737
3.525
3.353
3.519
3.502
3.753
3.378
4.974
3.36
3.119
3.12
3.315
3.333
3.661
3.178
3.565
3.025
3.587
3.036
3.343
3.164
3.591
3.305
3.571
3.405
3.305
3.271
3.636
3.007
3.069
3.772
3.369
3.22
3.506
