SETUP = dtls
ITERATIONS = 1000
DTLS_CIPHER = ECDHE-RSA-AES128-GCM-SHA256
DTLS_VERSION = TLS1.2
DTLS_TYPE = RSA

Results: n=1000 mean=3.438-0.458 stdev=±0.332 99%conf=±0.027
3.737
3.238
3.055
2.96
3.426
3.187
3.476
3.144
2.925
3.276
3.201
3.14
3.436
3.302
3.03
3.222
3.35
2.955
3.402
3.304
3.499
3.143
3.29
3.043
3.367
2.983
3.39
3.111
3.357
3.266
3.365
3.127
3.341
3.302
3.363
3.371
3.049
3.111
3.199
3.726
3.41
3.197
4.553
3.657
4.139
3.445
3.37
3.503
3.26
3.147
2.958
3.189
3.145
3.476
2.853
3.211
3.291
4.965
3.55
3.742
3.258
3.656
2.98
3.555
3.269
3.297
3.24
3.481
3.164
4.253
3.224
3.338
3.639
3.072
3.419
3.003
3.101
3.003
3.266
3.297
3.222
3.155
3.676
3.494
3.2
2.988
4.532
3.267
3.223
3.034
3.439
3.161
3.338
3.494
3.236
3.37
3.269
3.141
3.145
3.28
3.274
3.238
3.072
3.263
3.774
3.163
3.219
3.409
3.337
3.395
3.238
3.276
3.095
3.369
3.457
3.405
3.467
3.141
3.222
3.338
3.1
3.333
3.185
3.697
3.314
3.178
3.372
3.206
3.222
3.322
3.0
3.689
3.601
3.367
2.988
3.262
3.438
3.532
3.699
3.137
3.323
4.214
3.229
3.235
3.285
3.364
4.347
3.125
3.161
5.269
3.364
4.863
3.099
3.037
3.504
3.73
3.284
3.266
3.198
3.127
3.286
3.271
3.179
4.682
3.35
3.395
3.043
3.19
3.56
3.119
3.365
3.427
3.274
3.053
3.704
3.579
3.114
3.478
3.943
3.456
3.142
3.309
3.502
3.302
3.427
3.337
3.199
3.465
3.494
3.119
3.255
3.371
3.467
3.806
3.22
3.188
3.373
3.258
5.274
3.179
3.394
3.282
3.507
4.285
3.365
3.195
3.066
3.118
3.117
3.528
3.807
3.651
3.285
3.107
3.181
3.597
4.458
3.213
3.247
3.374
3.337
3.211
3.405
3.4
3.043
3.439
3.451
4.447
3.398
3.616
3.341
3.665
4.008
3.389
3.599
3.28
3.354
3.32
3.243
4.421
5.318
3.187
3.649
3.113
3.526
5.076
3.089
3.703
3.072
3.378
3.235
3.248
4.093
3.487
3.255
3.593
3.553
3.475
3.431
3.722
3.494
3.596
3.567
3.415
3.158
3.397
3.597
3.362
3.662
3.271
3.509
3.566
3.437
3.25
3.453
3.276
3.319
3.157
3.411
3.312
3.306
3.416
3.639
3.67
3.476
3.389
3.021
3.561
3.54
3.36
3.324
3.34
3.292
3.45
3.3
3.457
3.268
3.572
3.103
3.564
3.572
3.547
3.141
3.384
3.15
4.484
3.777
3.474
3.535
3.393
3.504
4.273
3.148
3.323
3.491
2.939
3.41
3.138
3.444
4.01
3.419
3.274
3.473
3.493
3.468
3.285
3.571
3.262
3.729
3.592
3.245
3.143
3.324
3.115
3.26
3.646
3.238
3.418
3.511
3.152
3.354
3.533
3.509
3.495
3.471
3.244
3.418
3.711
3.176
3.186
3.606
3.422
3.243
3.396
3.504
3.141
3.352
3.411
3.501
3.275
3.594
3.503
3.557
3.608
3.253
3.765
3.436
3.502
3.533
3.626
3.698
3.247
3.389
3.317
3.331
3.524
3.419
3.245
3.176
3.045
3.374
3.557
3.698
3.298
3.484
3.733
3.298
3.594
3.269
3.414
3.391
3.505
3.395
3.489
3.623
3.149
3.09
3.581
3.058
3.328
3.586
3.474
3.512
3.903
3.123
3.417
3.425
3.404
3.328
3.418
3.641
3.551
3.531
3.757
3.437
3.38
3.888
3.71
4.124
3.39
3.061
3.253
3.335
3.761
4.842
3.241
3.236
3.104
3.076
3.462
3.376
3.109
3.518
3.565
3.567
3.223
3.518
2.991
3.369
3.577
3.29
3.636
3.086
3.32
3.858
4.435
3.539
3.397
3.166
3.644
3.207
3.33
3.576
3.532
4.812
3.094
3.031
4.552
3.616
3.36
3.73
3.408
3.579
3.256
3.414
3.103
4.046
3.51
3.524
3.247
3.469
3.527
3.166
3.598
3.037
3.46
4.164
3.235
3.261
5.329
3.697
3.497
3.226
3.441
3.404
3.369
3.371
3.559
3.814
3.406
3.355
3.148
3.351
3.212
3.316
3.024
3.589
3.546
3.406
3.501
3.515
3.328
3.514
3.726
3.28
3.492
3.294
3.199
3.496
3.518
3.882
3.42
3.461
3.48
3.579
3.481
3.593
3.456
3.069
3.667
3.356
3.53
3.696
3.736
3.435
3.547
3.394
3.209
3.034
3.457
3.273
3.561
3.465
2.971
3.295
3.436
3.401
3.286
3.328
3.256
3.176
3.176
3.655
3.279
3.32
3.671
3.404
3.418
3.264
3.522
3.586
3.338
3.418
3.669
3.888
3.083
3.39
3.205
3.389
3.32
3.525
3.384
3.66
3.307
3.271
3.261
3.829
3.537
3.233
3.527
3.453
3.229
3.139
3.182
4.647
3.347
3.139
3.313
3.384
3.144
3.146
4.745
3.333
3.447
3.641
3.252
3.269
3.283
5.055
3.488
3.166
2.956
3.299
3.454
3.564
3.366
3.334
3.271
3.28
3.663
3.131
5.084
3.2
3.471
3.581
3.431
3.361
3.509
3.451
3.465
3.286
3.416
4.755
3.102
3.483
3.519
3.297
3.37
3.221
3.67
3.013
3.282
3.563
3.154
3.396
3.533
3.207
3.32
3.257
3.308
3.322
3.29
3.245
3.296
3.279
3.18
3.71
3.241
3.292
3.489
3.502
3.627
3.405
3.252
3.383
3.165
3.425
3.48
3.268
3.524
3.616
3.587
3.248
3.518
3.478
3.196
3.182
3.629
3.366
3.513
3.787
3.306
3.646
3.27
3.449
3.703
3.098
3.338
3.34
3.238
3.207
3.645
3.797
3.172
3.519
3.161
3.506
3.598
3.189
3.414
3.151
3.36
3.636
3.994
3.673
3.652
3.31
3.233
2.992
3.359
3.456
3.202
3.301
3.558
3.525
3.193
3.37
3.181
3.301
4.918
3.23
3.333
3.365
3.151
3.846
3.381
3.364
3.209
3.59
3.171
3.27
3.425
3.677
3.624
3.287
3.092
2.996
3.43
3.458
3.163
3.342
3.645
3.535
4.01
3.561
3.26
3.347
3.649
3.681
3.461
3.531
3.471
3.595
3.746
3.24
3.386
3.905
3.783
3.731
3.807
3.437
3.575
3.603
2.875
3.314
3.516
3.287
3.658
3.401
3.234
3.237
3.5
3.292
3.628
3.338
3.662
3.587
3.503
3.872
2.989
3.279
3.324
3.386
3.587
3.323
3.324
3.116
3.666
3.396
3.095
3.468
5.22
3.349
3.342
3.322
3.248
3.277
3.276
3.682
3.511
3.379
3.486
3.223
3.537
3.609
3.377
3.032
3.666
3.212
3.83
3.516
4.801
3.383
3.353
3.392
3.248
3.07
4.235
3.473
3.284
3.48
3.213
3.591
3.171
3.256
3.79
3.418
3.186
3.176
3.264
3.405
3.568
3.318
3.368
3.478
3.601
3.504
3.62
3.602
3.472
3.567
3.446
3.364
3.336
3.483
3.325
4.458
3.133
3.452
3.859
3.143
3.01
3.163
3.529
3.238
3.415
3.713
3.237
3.175
5.232
3.052
3.215
3.464
4.211
3.292
4.18
3.091
3.364
3.461
3.259
3.274
3.312
3.306
3.642
3.485
3.143
3.482
3.163
3.256
3.389
3.284
3.371
3.232
3.55
3.495
3.749
3.495
3.896
3.348
3.826
3.094
3.177
3.261
3.438
3.328
3.48
3.244
3.315
3.939
3.303
3.493
3.734
3.008
3.765
2.997
3.646
2.948
3.37
3.335
3.362
3.343
3.104
3.426
3.527
3.23
3.179
3.757
3.453
3.481
3.207
3.69
3.299
3.527
3.08
3.692
3.297
3.502
3.736
3.245
3.471
3.451
4.879
3.112
3.413
3.371
3.399
3.292
4.14
3.172
3.42
3.551
3.603
3.159
3.379
3.371
3.243
3.569
3.89
3.535
3.592
3.224
3.469
3.15
3.177
3.313
3.724
3.399
3.478
3.208
3.708
3.55
3.653
3.236
3.282
3.461
3.502
3.166
3.19
3.82
3.314
3.023
3.72
3.354
3.268
3.434
3.435
3.278
3.815
3.175
3.2
3.614
3.375
3.654
3.944
3.385
3.353
3.178
3.556
3.3
3.292
3.353
3.485
3.182
3.531
3.548
3.756
3.286
3.507
3.336
3.342
3.431
3.625
3.636
3.594
3.28
3.597
3.464
3.409
3.444
4.206
3.297
4.313
3.651
3.44
3.509
3.818
3.134
3.611
3.333
3.498
