SETUP = ipsec
ITERATIONS = 1000
IPSEC_AUTH_METHOD = pubkey
IPSEC_IKE_CIPHER_SUITE = aes128gcm16-prfsha256-ecp256
IPSEC_ESP_CIPHER_SUITE = null-sha2_256
IPSEC_START_ACTION = start

Results: n=1000 mean=2.844 stdev=±0.325 99%conf=±0.026
3.408
2.551
2.738
2.457
2.685
2.648
2.854
2.779
2.501
3.009
2.946
2.645
2.563
2.747
2.979
2.493
2.67
2.863
2.733
2.641
2.414
2.692
2.608
2.437
2.68
2.756
2.442
2.543
2.682
2.718
2.711
4.556
2.589
2.52
2.553
2.774
2.817
2.789
3.376
2.422
2.771
2.934
2.65
2.498
2.496
2.798
2.684
3.46
2.446
2.653
2.598
2.524
2.693
2.674
2.687
2.752
2.654
2.642
2.48
2.706
2.53
2.627
2.511
2.755
2.777
2.674
2.608
2.842
2.591
2.645
2.752
2.741
2.805
2.698
2.58
2.938
2.54
2.675
2.577
2.52
2.529
2.644
2.622
2.721
2.533
2.846
2.727
2.554
2.901
2.728
2.56
2.699
2.849
2.66
2.775
2.788
2.746
2.828
4.567
2.616
2.526
2.544
2.66
2.71
2.911
2.654
2.709
2.602
2.427
2.751
2.57
2.673
2.594
2.544
3.659
2.847
2.622
2.534
2.936
2.587
2.554
2.646
3.153
2.673
2.483
2.475
3.067
2.584
2.954
2.775
2.849
2.522
2.584
3.871
2.573
2.517
2.767
2.587
2.833
2.556
2.589
2.613
2.732
2.785
2.626
2.548
3.213
2.678
2.937
2.577
2.833
2.956
2.582
2.78
2.744
2.883
2.576
2.534
2.845
2.571
2.513
2.586
2.678
2.512
2.64
2.817
2.545
2.657
2.832
2.81
2.592
2.649
2.878
2.821
2.696
2.977
2.77
2.677
2.565
2.798
2.833
2.565
2.771
2.99
2.724
2.871
4.145
2.496
2.51
2.544
2.628
2.973
2.844
2.674
2.541
2.758
3.098
2.539
2.631
2.568
2.611
2.572
2.637
2.628
2.767
2.812
2.847
2.881
3.006
2.678
2.887
2.817
2.646
3.005
2.586
3.26
2.883
2.526
2.865
2.776
2.61
2.654
2.57
2.724
3.058
2.45
2.875
2.961
2.748
2.587
2.614
4.481
2.888
2.84
2.724
2.54
2.885
2.653
2.605
2.712
2.896
2.903
2.568
2.93
2.65
2.709
3.251
2.723
3.025
3.222
3.119
2.908
2.686
2.742
2.622
2.884
2.668
2.597
2.894
2.639
4.25
2.59
2.967
2.566
2.86
2.577
2.604
2.792
2.567
3.059
2.846
2.792
2.505
2.73
2.697
3.085
3.205
2.973
2.664
2.819
2.866
2.689
2.589
2.645
2.863
2.611
2.891
2.895
2.798
2.738
2.615
2.609
2.657
2.862
2.644
2.934
2.653
3.291
2.808
2.803
2.705
2.75
2.834
2.719
2.751
2.625
2.702
3.095
2.803
2.757
4.381
2.641
4.001
2.974
2.854
2.585
2.828
2.601
2.714
2.699
2.94
2.911
2.752
2.768
2.564
2.946
2.936
3.042
3.012
3.148
2.79
2.813
3.005
2.814
2.749
2.942
2.702
2.963
2.662
2.888
2.639
2.703
2.982
2.812
2.558
2.844
2.882
2.502
2.637
2.565
2.624
3.542
2.78
2.72
2.729
2.805
2.825
2.819
3.148
2.637
2.7
2.535
2.825
2.732
2.775
2.818
2.707
2.566
2.914
2.725
2.881
2.621
4.134
2.805
3.826
2.757
2.908
2.689
2.482
2.516
3.032
2.678
2.953
2.851
2.625
2.782
2.661
2.671
3.01
2.738
2.79
2.857
2.885
2.898
2.715
2.694
5.124
2.872
2.905
3.081
4.033
2.886
2.808
2.52
2.702
2.789
4.49
2.883
2.892
2.92
2.772
3.058
2.718
2.678
2.767
2.521
2.613
2.997
2.837
3.069
2.8
3.017
2.645
2.808
2.841
2.538
2.859
2.595
3.037
2.962
3.03
2.901
3.017
2.669
2.643
2.874
2.722
2.964
2.711
2.746
2.756
2.665
2.803
2.604
3.062
4.097
2.821
2.844
2.827
3.68
2.711
2.91
2.732
2.693
2.666
2.776
2.646
3.388
2.622
2.704
5.122
2.68
3.018
2.614
2.967
2.7
2.831
2.613
2.816
2.886
2.729
2.586
3.123
2.885
2.965
2.79
3.148
2.913
2.786
2.746
2.843
2.963
2.598
2.656
2.644
3.165
2.78
2.928
3.097
2.762
2.577
3.033
2.879
2.695
2.742
2.736
2.78
3.064
2.708
2.824
2.965
2.944
2.595
2.747
2.728
3.015
2.936
3.178
2.855
3.143
2.916
3.295
2.896
3.23
2.668
2.732
2.635
4.651
2.733
2.881
2.805
2.719
2.739
2.584
3.003
2.796
3.412
2.97
2.767
2.689
2.919
3.104
2.994
2.883
2.685
2.661
2.842
2.955
2.857
2.941
2.903
2.764
2.692
2.507
2.541
2.552
2.649
2.831
2.741
2.773
2.494
2.819
2.891
2.98
2.795
3.206
2.823
4.409
2.657
3.669
2.987
3.326
2.731
2.641
2.749
5.621
2.864
2.596
2.989
2.985
2.783
2.723
3.428
2.732
2.61
2.734
2.665
2.772
2.905
2.756
2.633
2.88
2.628
2.994
4.184
2.926
2.817
2.759
2.862
2.92
2.867
2.852
2.787
2.631
3.095
2.796
2.85
2.913
2.603
2.768
2.778
2.626
2.916
2.688
2.781
2.981
2.877
2.882
4.063
2.612
3.169
2.628
2.881
2.778
2.953
2.701
2.831
3.008
2.819
2.782
2.64
2.799
3.123
2.892
2.736
2.768
3.437
2.603
2.877
2.919
3.055
3.132
2.582
2.751
2.943
2.769
3.044
2.765
2.595
2.954
4.382
2.588
2.663
2.619
2.857
2.751
2.85
3.013
2.751
2.997
2.573
2.85
2.949
2.824
2.77
3.214
2.785
3.178
2.761
2.643
2.62
2.941
2.761
2.738
2.86
2.721
2.878
2.917
2.845
4.776
2.742
2.99
3.144
3.028
2.79
2.989
2.651
2.769
2.769
2.712
3.125
3.388
3.1
2.85
2.67
2.597
2.992
2.919
2.853
2.899
2.788
3.019
3.03
2.786
3.063
2.75
3.035
2.902
2.634
2.61
3.311
2.647
2.881
2.706
2.885
2.807
2.849
3.027
2.865
2.689
3.339
2.9
2.54
2.873
2.89
2.809
2.641
2.655
2.934
2.703
2.897
2.888
2.746
2.755
2.786
2.667
2.653
2.561
2.984
3.256
2.985
2.843
3.159
2.883
3.038
2.774
2.788
3.101
2.79
2.84
2.764
2.81
2.631
2.782
2.824
2.86
2.566
3.339
2.748
2.983
3.055
2.671
3.061
2.851
2.718
2.761
2.812
2.954
2.948
2.543
2.965
2.677
2.715
2.982
3.2
2.706
2.789
2.653
2.698
2.987
2.715
2.808
2.744
2.856
3.013
2.64
3.761
2.995
4.426
2.671
2.743
2.649
2.661
3.092
2.853
2.61
3.053
2.81
2.732
2.735
3.093
2.68
2.767
2.601
2.66
2.701
2.826
2.744
2.654
3.074
2.702
2.757
2.97
3.195
2.778
3.03
2.731
2.666
2.726
2.829
2.765
2.805
3.106
2.585
2.541
2.729
3.273
2.942
3.195
2.721
2.965
3.031
2.984
2.977
2.618
2.903
3.063
3.082
2.676
3.001
2.711
2.922
2.737
2.563
3.079
2.721
2.683
2.767
2.687
2.922
2.985
3.169
2.788
2.638
3.135
2.808
2.82
2.777
2.785
2.871
2.725
3.143
3.208
2.872
4.64
2.699
2.695
2.86
3.146
2.58
2.679
2.697
2.787
2.744
2.724
2.667
2.711
2.743
2.856
2.682
3.065
2.698
3.09
3.014
2.692
2.705
2.754
2.741
2.911
2.806
2.652
2.828
2.847
2.653
2.735
2.863
2.961
2.895
3.097
2.987
2.692
2.945
3.183
2.886
3.205
2.577
2.714
2.872
2.913
2.722
4.468
2.791
2.908
2.717
2.719
2.762
2.905
2.637
2.743
2.973
2.871
2.892
2.946
2.951
2.703
3.132
2.682
2.906
2.868
4.246
2.67
2.718
2.825
2.98
2.881
2.746
2.797
2.879
2.795
2.78
2.713
3.008
2.861
2.9
3.027
2.782
2.733
2.953
2.7
2.87
2.595
2.738
3.145
2.911
2.947
2.766
2.886
2.732
2.799
2.759
2.633
2.747
2.688
3.103
3.075
2.971
2.652
2.563
3.122
2.883
3.186
2.772
2.855
2.697
2.783
2.964
2.897
2.996
2.713
2.639
2.737
2.841
2.714
2.86
2.801
2.811
2.665
3.048
2.65
2.958
2.768
3.048
2.775
2.771
2.615
2.877
2.727
2.986
3.073
2.781
3.189
2.976
2.989
2.748
2.676
2.736
3.138
2.887
2.655
3.103