SETUP = ipsec
ITERATIONS = 1000
IPSEC_AUTH_METHOD = pubkey
IPSEC_IKE_CIPHER_SUITE = aes128gcm16-prfsha256-ecp256
IPSEC_ESP_CIPHER_SUITE = aes256gcm16
IPSEC_START_ACTION = start

Results: n=1000 mean=2.683 stdev=±0.292 99%conf=±0.024
2.945
2.638
2.681
2.34
2.331
2.502
2.732
2.306
2.518
3.397
2.411
2.399
2.597
2.302
2.679
2.59
2.341
2.948
2.728
2.331
2.703
2.701
2.676
2.636
2.599
2.603
2.41
2.781
2.645
2.381
2.323
2.346
2.331
2.382
2.417
2.714
2.658
2.449
2.668
2.514
2.64
2.698
2.454
2.621
2.442
2.459
2.421
2.627
2.696
2.807
2.497
2.437
2.524
2.683
2.753
2.574
2.55
2.498
2.653
2.343
2.464
2.294
2.523
2.751
2.792
2.374
2.356
4.442
2.347
2.292
2.405
2.391
2.689
2.386
2.383
2.61
2.514
2.357
2.42
2.504
2.75
2.592
2.744
2.952
2.758
2.432
2.826
2.356
2.776
2.396
2.388
4.187
2.424
2.446
2.514
2.672
2.344
2.707
2.551
2.802
2.507
2.728
2.64
2.841
2.451
2.857
2.708
2.632
2.563
2.383
2.998
2.724
2.542
2.562
2.569
2.846
2.67
2.794
2.355
2.423
2.432
2.6
2.376
2.568
2.455
2.555
2.542
4.46
2.608
4.259
2.544
3.211
2.497
2.857
2.915
2.741
2.423
2.477
2.718
3.586
2.487
2.764
2.709
2.6
2.568
2.425
2.456
2.56
2.659
2.379
2.303
2.825
2.71
2.556
2.848
2.812
3.078
4.066
2.798
2.593
2.398
2.514
2.561
2.534
2.618
2.493
2.579
2.485
2.628
2.618
2.499
2.691
2.467
2.589
2.555
2.328
2.703
2.77
2.582
2.517
2.832
2.817
2.507
2.449
2.449
2.772
2.405
2.513
2.8
3.884
2.419
2.526
2.696
2.43
2.588
2.412
2.465
2.519
2.529
2.412
2.502
2.622
2.454
2.457
2.786
2.439
2.612
2.722
2.561
2.347
2.969
2.465
2.637
2.818
2.742
2.956
2.571
2.519
2.675
2.942
2.672
2.438
2.433
2.857
2.528
2.502
2.672
2.456
2.461
2.547
2.746
2.388
2.978
2.508
2.68
2.548
2.928
2.481
2.75
2.64
2.578
2.605
2.481
2.905
2.513
2.397
2.587
2.487
2.618
2.575
2.455
2.625
2.444
2.647
2.655
2.575
2.68
3.015
2.364
2.745
2.565
2.591
2.91
2.615
2.437
2.725
2.536
2.412
2.534
2.428
2.53
2.794
2.796
2.546
2.455
2.578
2.493
2.6
2.631
2.466
2.531
2.77
2.591
2.726
2.475
2.716
2.492
2.527
2.683
2.439
2.558
2.653
2.795
2.526
2.447
2.437
2.399
2.95
2.392
2.467
2.686
2.529
2.429
2.772
2.735
2.512
2.657
2.645
2.986
2.733
2.499
2.651
2.625
2.829
2.813
2.45
2.587
2.94
2.549
2.522
2.866
2.823
2.555
2.791
2.676
2.597
2.467
2.768
2.612
2.723
2.721
2.704
2.564
2.41
2.76
2.558
2.815
2.522
5.65
2.798
2.915
2.713
2.535
2.578
2.533
2.567
2.536
2.713
2.954
2.53
2.747
2.731
2.708
2.434
2.75
2.634
2.917
2.49
2.807
2.643
2.93
2.526
2.629
2.868
2.629
2.35
2.581
2.598
2.452
2.854
2.72
2.818
2.574
2.938
2.694
2.661
2.464
2.936
2.576
2.515
2.407
2.562
2.684
2.767
2.5
2.43
2.809
2.535
3.064
2.577
2.485
2.565
2.441
2.534
2.869
2.654
2.657
2.825
2.985
2.74
2.648
2.469
2.438
2.591
2.521
2.891
3.091
2.521
2.4
2.381
2.862
2.683
2.578
2.589
2.821
2.506
2.657
2.708
2.568
2.719
2.778
2.867
2.469
2.486
3.106
2.542
2.798
2.765
2.876
2.425
2.551
2.518
2.69
2.88
2.846
2.655
2.703
2.438
2.68
2.517
2.743
2.985
2.786
2.416
2.506
2.592
2.945
2.583
2.91
2.542
2.394
2.55
2.692
2.852
2.648
2.827
2.433
2.477
2.871
2.75
2.691
2.863
2.851
2.509
2.629
2.847
2.633
2.546
2.883
2.579
2.967
2.821
2.769
2.667
2.745
2.529
2.565
2.853
3.002
2.585
2.594
2.559
2.589
2.6
2.562
2.815
2.482
2.719
2.632
2.862
2.575
2.561
2.693
2.576
3.254
2.807
2.858
2.801
2.601
5.124
2.552
3.331
2.636
3.2
2.724
2.409
2.579
4.107
2.673
2.555
3.08
2.527
2.925
2.399
2.468
3.14
2.614
2.713
2.539
2.901
2.905
2.725
2.462
2.651
2.659
2.394
2.54
2.5
2.537
2.476
2.306
2.769
2.621
2.56
2.513
2.445
2.651
2.771
2.501
2.638
2.501
2.896
2.918
2.623
2.709
2.855
2.631
2.711
2.442
2.74
2.611
2.8
2.498
2.557
3.337
2.494
2.631
2.604
2.716
2.496
2.683
2.896
2.739
2.6
2.789
2.812
2.668
2.561
2.659
3.103
2.619
2.405
2.889
2.549
2.682
2.692
2.93
2.675
2.431
2.659
2.651
2.553
2.542
2.516
2.569
2.321
2.709
2.806
2.553
2.547
2.48
2.704
2.396
2.807
2.721
2.798
2.364
2.488
2.601
2.875
2.497
2.734
2.608
2.546
2.889
2.511
2.713
2.676
2.749
2.7
2.66
2.92
2.766
2.73
2.578
2.611
2.354
2.563
2.767
2.405
2.6
2.564
2.675
2.568
2.674
2.691
2.955
2.791
2.618
2.662
2.794
2.651
2.517
2.671
2.467
2.613
2.509
2.598
2.483
2.562
2.794
2.387
2.469
2.676
2.975
2.876
2.663
2.636
2.752
3.001
2.62
2.533
2.643
2.532
2.597
2.691
2.889
2.584
3.014
2.821
2.556
2.519
2.539
2.69
2.756
2.887
2.554
2.852
3.098
2.984
2.782
2.962
2.675
2.53
2.457
3.13
2.528
2.597
2.586
2.623
2.621
2.728
2.48
2.739
2.651
2.754
2.359
2.598
2.592
2.542
2.75
2.914
2.592
2.597
2.586
2.468
2.62
2.5
2.961
2.752
2.604
2.867
2.424
2.641
2.586
2.853
2.812
3.049
2.997
2.445
2.668
2.82
2.596
2.773
2.881
2.735
2.477
2.503
2.615
2.427
2.544
2.791
3.196
2.882
2.53
4.535
2.562
2.501
2.571
3.226
2.603
2.629
2.392
2.918
2.521
2.818
2.912
2.553
2.732
2.712
2.72
2.817
2.695
2.703
2.797
2.615
2.525
2.609
2.644
3.346
2.558
2.674
2.723
3.071
2.819
2.969
2.665
2.511
2.919
2.503
2.777
2.592
2.532
2.668
3.406
2.464
2.51
3.041
2.889
2.965
2.945
2.697
2.566
2.867
2.931
2.697
3.016
2.533
2.318
3.044
2.508
2.683
2.515
2.641
2.551
2.518
3.198
2.589
2.416
2.896
3.056
2.717
2.555
2.68
2.824
2.929
2.855
2.973
2.738
2.773
2.831
2.517
2.996
2.788
2.64
2.909
2.393
2.817
3.078
2.904
2.727
2.67
2.914
2.484
2.581
2.8
2.486
2.488
2.649
2.546
2.503
2.557
2.406
2.681
2.629
2.54
2.954
2.904
2.761
2.739
2.716
2.589
2.899
2.518
2.608
2.572
2.656
2.558
2.755
2.558
2.804
2.893
2.952
2.508
4.974
2.867
2.53
3.201
3.221
2.677
2.542
2.741
3.077
2.598
2.83
2.802
2.833
2.496
2.587
2.605
3.112
2.822
2.582
3.215
2.521
2.736
4.484
2.45
2.823
2.446
2.602
2.435
2.511
2.48
2.688
2.733
2.714
2.469
3.04
2.636
2.601
2.388
2.633
2.839
2.467
2.666
2.455
2.547
2.463
2.381
2.622
2.474
2.508
2.966
2.424
2.581
2.674
2.526
2.613
2.784
2.55
2.308
2.577
2.822
2.705
2.801
2.461
2.539
3.01
2.557
2.966
2.81
2.613
2.918
2.674
2.538
2.6
2.766
2.786
2.577
2.65
4.45
2.781
2.421
2.787
2.693
2.672
3.319
2.719
2.747
2.636
2.745
2.442
2.758
3.021
2.958
2.849
2.768
2.827
3.11
2.506
2.771
2.528
2.58
2.837
2.821
2.662
4.01
2.533
2.511
3.121
2.717
2.699
2.665
2.803
2.674
2.791
2.692
2.839
3.287
2.511
2.95
2.905
2.569
2.638
2.822
2.654
2.56
2.673
2.927
2.918
2.984
2.429
2.544
2.478
2.562
2.764
2.615
2.817
2.732
2.675
2.695
2.689
2.594
2.229
2.584
2.941
2.904
2.808
2.868
2.422
2.909
2.507
2.75
2.727
2.562
2.755
3.041
2.581
2.497
