SETUP = ipsec
ITERATIONS = 1000
IPSEC_AUTH_METHOD = pubkey
IPSEC_IKE_CIPHER_SUITE = aes128gcm16-prfsha256-ecp256
IPSEC_ESP_CIPHER_SUITE = aes128-sha1
IPSEC_START_ACTION = start

Results: n=1000 mean=2.735 stdev=±0.330 99%conf=±0.027
3.202
2.89
2.366
2.854
2.412
3.059
2.502
2.409
2.58
2.311
2.493
2.62
2.412
2.651
2.73
2.692
2.685
2.61
2.906
2.778
2.45
2.493
3.078
2.532
2.56
2.759
2.458
2.737
2.827
2.447
2.413
2.429
2.592
2.564
2.672
2.456
2.611
2.65
2.772
2.514
2.779
2.929
2.347
2.58
2.834
3.499
2.633
3.49
2.451
2.668
2.597
2.934
2.555
2.744
2.684
2.539
2.64
2.435
2.916
2.645
2.486
2.507
2.622
2.479
2.359
2.482
2.485
2.716
2.562
2.524
2.513
2.741
2.484
2.764
2.528
2.591
2.49
2.667
2.515
2.707
2.731
2.467
2.563
2.46
2.357
2.848
2.996
2.805
2.666
2.414
2.673
2.478
2.664
2.848
2.432
2.551
2.67
2.415
2.648
3.208
2.512
2.481
2.758
2.575
2.83
2.701
2.504
2.788
2.359
3.835
2.537
2.674
2.521
2.615
2.597
2.465
2.681
2.72
2.68
2.534
2.666
2.649
2.534
4.183
2.432
2.895
2.449
2.8
2.564
4.155
2.639
5.247
2.911
2.681
2.459
2.507
2.526
2.596
2.432
2.772
2.446
3.803
2.454
2.857
2.378
2.355
2.51
2.745
2.457
2.707
2.581
2.542
2.884
2.55
2.439
2.884
2.698
3.014
2.453
3.152
2.673
4.354
2.588
2.824
2.759
2.728
2.684
2.697
2.773
2.415
3.205
2.493
2.511
2.56
2.48
2.817
2.651
4.163
2.644
3.362
2.661
2.621
2.462
2.734
2.659
2.635
2.89
2.644
2.542
2.733
2.71
2.793
2.431
2.725
2.63
2.441
2.41
2.779
2.875
3.76
2.513
2.569
2.892
2.92
2.892
2.667
3.596
2.826
2.909
2.488
2.828
2.611
2.598
2.637
2.619
2.757
3.475
2.599
3.025
2.565
2.706
2.726
2.502
2.674
2.409
2.492
2.506
2.573
2.817
2.52
2.865
2.505
2.534
2.803
2.442
3.242
2.486
2.563
2.439
2.857
2.811
4.901
2.508
2.333
2.622
2.67
2.847
4.404
2.711
2.71
2.557
2.629
2.649
2.59
2.53
2.334
2.978
2.444
2.55
2.79
2.59
3.081
2.377
2.564
2.804
2.456
2.461
2.616
2.451
2.866
2.686
2.669
2.522
2.63
2.571
2.617
2.686
2.632
3.336
2.71
4.694
2.664
2.446
2.643
2.389
2.549
2.928
2.744
2.773
2.578
2.508
2.731
2.716
2.668
3.168
2.418
2.761
3.21
2.825
2.485
2.73
2.513
2.72
2.584
2.616
2.55
2.597
2.761
2.418
2.693
2.494
2.527
3.572
2.568
2.517
2.48
2.851
2.479
2.867
2.499
2.57
2.571
2.571
2.738
2.547
2.628
3.116
2.828
2.678
2.877
2.545
2.416
2.759
2.503
2.594
2.677
2.471
2.719
2.703
2.751
2.637
2.71
3.038
2.68
2.492
2.576
2.74
2.807
2.525
2.74
2.692
2.791
2.643
3.169
2.761
2.676
2.629
2.687
2.56
2.425
3.128
2.446
2.472
2.604
2.833
2.722
3.544
2.454
2.901
2.896
2.389
2.529
6.062
2.627
2.775
2.94
2.855
2.759
2.957
2.651
2.755
2.601
2.56
2.651
2.531
2.465
2.928
2.706
3.235
2.703
2.74
2.538
2.465
3.024
2.468
2.591
2.556
2.82
2.801
2.494
2.518
2.62
2.719
2.623
2.714
2.816
2.665
2.875
2.544
2.732
2.541
2.66
2.689
2.526
2.533
2.488
2.869
2.58
2.611
2.607
2.916
2.582
2.999
2.777
2.573
2.522
2.716
2.605
2.623
4.174
2.497
2.31
2.763
2.778
2.972
2.475
2.735
2.813
2.593
2.857
2.639
2.671
2.732
2.833
2.703
2.569
2.944
2.937
2.573
2.527
2.811
2.667
2.656
2.839
2.601
2.481
2.855
2.569
2.479
2.788
2.645
2.544
2.745
2.518
2.575
2.81
2.728
2.827
2.591
2.829
2.426
2.744
2.849
2.59
2.676
2.835
2.563
2.572
2.557
2.498
2.459
2.764
2.551
2.494
2.515
2.685
2.735
2.604
2.572
2.954
2.719
2.763
2.788
2.456
2.666
2.782
2.71
3.205
2.511
2.849
3.667
2.769
2.534
2.573
2.564
2.692
2.516
2.459
2.399
2.536
2.707
2.529
2.748
2.627
2.707
2.561
2.975
2.54
2.743
4.219
2.719
2.846
2.845
2.711
2.732
2.798
2.524
2.58
2.94
2.734
2.618
2.733
2.944
2.74
3.964
2.684
2.747
2.858
2.65
2.797
2.783
2.923
2.564
2.591
2.655
2.803
2.57
3.38
2.758
2.733
2.631
2.559
2.679
4.249
2.584
2.891
2.657
2.892
2.572
2.554
2.668
2.585
2.934
2.375
2.644
2.48
2.655
2.87
2.531
4.354
2.432
2.749
2.808
2.72
2.712
2.722
2.787
2.623
2.945
2.887
2.733
2.574
2.9
2.521
2.637
3.046
2.699
2.996
2.534
2.785
2.528
2.562
2.964
2.556
2.689
2.688
2.878
2.904
2.836
2.935
2.708
2.642
2.843
2.491
2.622
2.609
2.6
2.747
2.681
2.662
2.957
2.879
4.728
2.631
2.682
2.619
2.814
2.473
3.992
2.547
2.828
2.613
2.42
2.542
2.484
2.852
2.602
2.693
2.61
2.485
2.622
2.576
2.833
2.996
2.626
2.58
2.721
2.953
2.857
2.969
2.505
2.732
2.85
2.623
2.683
2.6
2.801
2.891
2.713
2.605
2.52
2.659
2.704
2.508
2.675
2.872
2.811
2.721
2.87
3.103
2.65
2.805
2.525
2.646
2.62
2.604
2.821
2.574
2.576
2.648
2.997
2.467
2.679
2.663
2.555
2.81
2.936
4.485
2.597
2.798
2.721
2.939
2.802
2.567
2.73
2.945
2.831
4.359
2.629
3.586
2.605
2.668
2.748
3.79
2.685
2.831
2.695
2.995
2.862
2.606
2.79
2.814
2.721
2.745
2.851
2.586
2.993
2.919
2.487
2.93
2.905
2.943
2.581
2.435
2.887
2.666
2.9
2.843
2.458
2.702
2.927
2.77
2.873
2.858
2.694
2.459
2.668
2.518
3.002
4.592
2.725
4.11
2.791
2.688
2.464
2.447
2.573
2.719
2.483
3.465
2.609
2.556
2.854
2.839
2.44
2.775
2.899
2.975
2.451
2.74
2.633
2.601
2.93
2.772
2.94
2.796
2.539
2.929
2.654
2.877
2.619
2.86
2.64
2.709
2.639
2.783
2.74
2.741
2.47
2.644
2.48
2.943
2.746
2.757
3.181
2.726
2.508
2.731
2.605
2.546
2.692
2.546
2.524
2.568
2.632
2.624
2.928
3.051
2.642
2.729
2.738
2.534
2.708
2.526
2.774
2.556
3.221
2.699
2.618
2.951
2.492
2.694
2.559
2.984
2.564
2.543
2.451
2.587
2.966
2.726
2.7
2.767
2.77
2.735
2.549
3.063
2.664
2.903
2.473
2.54
2.745
2.765
3.011
2.65
2.681
2.857
2.699
2.685
2.583
2.734
2.567
2.572
2.695
2.643
2.767
2.912
2.549
2.562
2.535
3.048
2.672
2.661
2.792
2.732
2.62
2.734
2.768
2.571
2.892
3.003
2.622
2.657
3.107
2.66
3.33
2.726
2.511
2.526
2.728
2.815
2.663
2.657
2.878
2.966
2.758
2.538
2.833
2.893
2.806
2.97
2.527
2.558
2.666
2.728
2.895
2.866
2.639
2.853
2.89
2.619
2.852
2.665
2.684
2.692
2.664
2.892
2.625
2.733
2.845
2.677
2.574
2.491
3.078
2.766
2.504
2.568
2.61
2.779
2.497
2.618
3.042
2.93
2.904
2.904
2.659
2.507
2.795
2.857
2.575
2.709
2.529
2.595
2.672
2.815
2.586
2.624
2.594
2.536
2.687
3.051
2.551
2.675
2.702
2.839
2.696
2.527
2.946
2.961
2.719
2.662
2.666
2.689
2.856
2.562
2.46
2.51
2.74
2.578
2.78
2.759
2.585
2.617
3.021
2.691
2.832
2.703
2.925
2.612
2.67
2.736
4.39
3.057
2.744
2.865
2.609
2.567
2.829
2.69
2.697
2.725
2.627
3.1
2.616
2.761
2.7
2.73
2.831
2.649
2.709
2.773
2.469
2.602
2.736
2.782
2.667
2.771
2.569
2.583
2.503
2.705
2.811
2.714
2.732
2.513
2.582
2.766
2.762
2.481
2.93
2.549
2.859
3.034
2.59
2.699
2.575
2.903
2.708
2.524
2.762
2.763
