SETUP = ipsec
ITERATIONS = 1000
IPSEC_AUTH_METHOD = pubkey
IPSEC_IKE_CIPHER_SUITE = aes128gcm16-prfsha256-ecp256
IPSEC_ESP_CIPHER_SUITE = aes256-sha1
IPSEC_START_ACTION = start

Results: n=1000 mean=2.800 stdev=±0.326 99%conf=±0.027
3.02
2.63
2.841
2.695
2.577
2.647
2.53
2.495
2.584
2.886
2.688
2.458
2.522
2.728
2.275
2.44
2.459
2.819
2.518
2.704
2.459
2.379
2.658
3.118
2.475
2.553
2.469
3.921
2.401
2.493
2.695
2.624
2.791
2.495
2.565
3.665
2.741
2.612
2.389
2.488
2.489
2.47
2.586
2.488
2.8
2.503
2.599
2.393
2.408
2.541
2.614
2.471
2.692
2.503
2.52
2.606
2.781
2.518
2.989
2.44
2.394
2.627
2.584
2.516
2.698
2.567
2.746
2.483
2.805
2.637
2.493
2.59
2.45
2.84
2.414
2.461
2.497
2.47
2.528
2.52
2.461
2.471
2.484
2.77
2.684
2.46
2.632
2.497
2.461
2.524
2.54
2.563
2.83
2.479
2.721
2.563
2.338
2.913
2.5
2.381
2.656
2.824
3.405
2.637
2.662
2.811
3.81
2.449
2.507
2.681
2.461
2.568
2.505
2.716
2.468
2.648
2.479
2.488
2.555
2.501
2.585
2.901
2.691
2.437
2.491
2.583
2.695
2.427
2.266
2.499
2.53
2.375
2.615
2.668
2.552
2.367
2.651
2.606
2.443
2.777
2.343
2.704
2.584
3.05
2.7
2.616
4.262
2.48
2.509
2.766
2.603
2.525
2.651
2.448
2.665
2.651
2.499
2.96
3.273
2.774
2.682
2.667
3.956
2.539
4.277
2.488
4.41
2.503
4.728
2.526
2.491
2.598
3.092
2.663
2.521
2.502
3.887
2.569
2.613
2.849
2.437
2.55
2.499
2.72
3.308
2.865
2.658
2.482
2.649
2.789
2.748
2.553
2.437
2.441
2.832
2.465
2.489
2.931
2.504
2.384
2.798
2.758
2.464
2.583
2.471
2.631
2.404
2.59
2.683
2.711
2.517
2.407
2.636
2.571
2.584
2.545
2.6
2.859
2.508
2.5
2.573
2.807
2.613
2.599
2.648
2.764
2.537
2.606
2.505
2.522
2.43
2.603
2.54
2.539
2.478
2.794
2.633
4.727
2.45
2.391
2.387
2.914
2.573
2.535
2.528
2.847
2.438
2.596
2.463
2.501
2.628
2.684
2.841
2.945
2.695
2.469
2.588
2.538
2.574
2.456
2.507
2.71
2.501
2.887
2.756
2.693
2.751
2.731
2.358
2.43
2.685
2.421
2.5
2.506
2.744
2.64
2.447
2.814
2.624
2.913
3.024
2.544
2.618
2.782
2.648
2.664
2.724
2.704
2.493
3.007
2.937
2.608
2.796
2.674
2.819
2.586
2.581
2.658
2.738
2.591
2.751
2.617
2.45
2.699
2.9
2.626
2.729
2.487
2.595
2.905
2.566
2.405
2.52
2.552
2.792
2.444
2.586
3.846
2.809
2.559
2.63
4.104
3.055
2.634
2.804
3.761
2.835
4.1
2.865
2.68
2.474
2.631
2.617
2.602
2.714
2.599
2.721
2.553
2.517
2.547
2.639
2.418
3.079
2.711
2.756
2.932
2.915
2.93
2.842
2.739
3.087
2.561
2.682
2.895
3.06
3.053
2.949
3.222
2.543
2.642
2.607
2.682
2.871
2.541
2.739
2.48
2.543
2.685
2.618
2.899
2.733
2.669
2.915
2.682
2.706
2.832
2.721
2.685
2.767
2.707
2.669
2.784
2.859
2.924
3.068
2.845
2.725
2.706
2.631
2.631
3.258
2.595
2.757
2.649
2.536
2.614
2.822
2.688
2.83
2.845
2.917
2.908
2.593
2.883
2.752
2.968
3.011
2.866
2.704
2.822
2.604
2.781
2.736
2.756
2.86
2.643
3.102
2.766
2.687
2.878
2.925
2.701
2.609
2.707
2.671
2.714
2.77
2.921
2.83
3.008
3.078
2.623
2.845
2.881
2.681
2.901
2.966
2.836
2.624
2.896
2.679
2.956
3.885
2.94
2.872
2.641
2.675
3.08
2.658
3.138
2.773
3.176
2.771
2.87
2.854
2.773
2.645
3.112
2.854
3.507
3.54
2.993
2.731
2.796
2.764
2.657
3.103
2.888
3.263
4.545
2.777
2.807
2.681
3.071
2.632
2.909
3.044
2.893
2.799
3.034
2.733
2.625
2.926
2.731
2.881
2.859
6.284
2.936
2.678
2.826
2.828
2.686
2.68
2.89
2.967
2.642
2.704
2.832
2.785
3.014
2.727
2.838
2.68
2.693
2.633
2.658
2.654
2.576
2.609
2.978
2.995
2.703
3.106
2.615
2.747
3.227
2.636
2.684
2.647
3.011
2.581
2.748
2.68
3.242
3.192
2.941
2.766
2.959
2.663
2.769
2.996
2.683
2.799
2.723
2.763
2.968
2.897
2.969
2.936
2.8
2.65
2.91
2.977
2.59
2.61
2.881
2.726
2.778
2.793
4.262
2.707
4.111
2.577
2.594
3.012
2.983
2.838
2.665
3.027
2.885
2.864
2.678
3.244
2.793
2.979
2.607
2.845
2.906
2.916
2.775
3.15
3.104
2.617
3.123
2.823
2.998
2.656
3.293
2.731
2.731
2.945
2.718
2.648
2.854
2.822
2.783
2.836
2.769
2.813
2.804
2.617
2.668
2.776
2.698
2.712
2.898
2.963
2.818
3.238
3.089
2.873
2.789
2.673
2.631
2.671
2.87
2.83
2.641
2.795
2.826
2.939
2.951
3.011
2.964
2.819
2.835
2.778
2.932
2.931
2.637
2.9
2.822
2.609
3.073
2.801
2.672
2.827
2.853
3.073
2.834
3.187
2.717
2.749
2.662
2.58
2.673
2.819
2.863
2.832
2.691
2.595
3.215
2.966
2.923
3.166
2.851
4.227
2.714
2.788
2.88
2.815
2.823
3.039
2.712
2.751
2.683
3.067
3.016
2.726
2.819
2.733
2.687
2.784
2.735
2.921
2.582
2.605
2.826
2.612
2.758
2.707
3.042
2.966
2.896
3.051
2.839
2.737
2.708
2.729
2.832
2.557
3.001
2.955
2.998
2.658
5.04
2.788
2.772
2.602
2.659
2.683
2.914
2.735
2.971
2.88
2.84
2.647
2.855
2.696
2.7
2.881
2.813
3.062
2.74
2.599
2.695
2.845
3.046
4.382
2.803
4.08
3.117
2.942
3.062
2.788
2.921
2.797
2.96
2.613
3.121
3.221
2.954
2.721
2.845
2.928
3.222
2.795
2.635
2.859
2.707
2.767
2.831
2.571
2.716
3.087
2.738
3.135
2.968
2.837
3.032
2.983
2.747
2.833
2.597
2.809
2.909
2.773
2.768
2.691
2.832
2.664
2.793
2.616
2.598
2.827
4.785
2.783
2.92
2.997
2.753
2.795
3.01
2.71
2.921
2.846
3.11
2.769
2.921
2.801
2.678
2.559
2.8
2.795
2.966
2.793
2.681
2.665
3.04
2.845
3.119
2.852
2.835
2.788
2.854
2.569
2.901
3.0
2.764
2.8
2.713
2.703
3.034
2.68
2.92
2.955
2.96
2.92
2.734
2.983
2.815
3.128
3.025
2.885
2.831
2.808
3.173
2.63
2.571
2.957
2.749
2.669
3.001
3.01
2.706
2.948
3.109
2.962
3.038
3.011
2.825
2.741
2.64
2.854
2.892
3.134
2.765
2.746
2.769
3.055
2.887
2.687
2.963
2.754
2.825
2.74
2.851
2.93
2.752
2.588
2.914
2.824
2.691
3.085
3.084
2.855
2.88
3.008
2.615
2.981
2.669
2.641
2.663
2.593
2.649
3.073
2.756
3.032
2.727
3.135
2.786
2.954
3.046
2.759
2.686
2.632
2.679
2.892
2.701
4.322
2.625
2.758
2.679
2.953
2.862
2.736
2.867
2.986
2.717
2.84
2.85
2.751
2.753
2.958
2.907
2.629
2.726
2.621
2.763
2.714
2.715
3.049
3.11
2.822
2.878
2.838
2.947
2.755
2.804
2.613
2.727
2.892
2.801
3.002
2.705
2.582
2.737
2.648
2.83
3.112
2.786
2.729
2.665
2.957
2.837
3.191
2.711
2.765
2.654
2.758
2.947
2.774
2.878
2.824
3.018
2.767
2.806
2.728
2.537
2.987
2.99
3.101
2.919
2.688
2.738
2.672
3.134
2.723
3.548
3.67
2.894
2.696
2.865
2.977
3.312
3.103
2.869
2.758
4.357
3.15
2.872
2.767
3.119
2.989
2.969
2.688
2.989
2.873
3.008
2.726
3.377
2.961
2.796
2.779
2.676
2.71
2.894
2.719
2.953
2.714
3.227
2.736
2.72
3.008
2.804
2.703
2.698
2.819
2.859
2.684
2.827
2.682
2.727
3.039
2.938
2.758
3.712
3.02
2.823
3.07
2.895
2.708
2.661
2.75
2.62
2.782
2.591
2.678
3.132
2.843
2.844
