SETUP = ipsec
ITERATIONS = 1000
IPSEC_AUTH_METHOD = pubkey
IPSEC_IKE_CIPHER_SUITE = aes128gcm16-prfsha256-ecp256
IPSEC_ESP_CIPHER_SUITE = aes128gcm16
IPSEC_START_ACTION = start

Results: n=1000 mean=2.680 stdev=±0.270 99%conf=±0.022
3.237
2.608
2.469
2.898
2.615
2.688
2.453
2.472
2.454
2.829
2.563
2.521
2.641
2.437
3.028
2.571
2.656
2.289
2.354
2.517
2.436
2.367
2.351
2.418
2.646
2.352
2.338
2.585
2.707
2.455
2.737
2.658
2.442
2.766
2.454
2.522
2.53
2.394
2.394
2.346
2.546
2.36
2.417
2.584
2.794
3.859
2.374
2.564
2.407
2.609
2.506
2.738
2.824
2.645
2.735
2.714
2.564
2.598
2.344
2.586
2.448
2.29
2.356
2.415
2.441
2.585
2.686
2.501
2.8
2.509
2.491
2.605
2.838
2.576
2.423
2.379
2.856
2.654
2.482
2.344
2.412
2.441
2.547
2.69
2.391
2.576
2.6
2.474
3.13
2.712
2.474
2.457
2.567
2.376
2.332
2.604
2.468
2.564
2.405
2.625
2.403
2.528
2.724
2.783
2.719
2.553
2.436
2.505
2.357
2.465
2.515
2.623
2.548
2.776
2.535
2.364
2.455
2.755
2.553
2.877
2.725
2.482
2.605
2.845
2.693
2.508
2.515
2.401
2.749
2.382
2.501
2.474
2.85
2.543
2.649
2.387
2.614
4.283
2.557
2.482
2.437
2.768
2.498
2.471
2.846
2.45
2.564
2.499
2.442
2.747
2.808
2.674
2.576
2.779
2.57
2.511
2.526
2.424
2.716
2.468
2.585
3.003
2.676
2.9
2.727
2.787
2.888
2.418
2.591
2.572
2.785
2.462
2.623
2.737
2.633
2.565
2.869
2.452
2.684
2.415
2.425
2.65
2.871
2.508
2.507
2.578
2.746
2.569
2.587
2.494
2.481
2.469
2.575
2.623
2.435
2.802
2.786
2.623
2.592
2.457
2.272
2.558
2.467
2.422
2.844
2.365
2.491
2.534
2.548
2.696
2.388
2.643
2.574
2.786
2.47
2.414
2.383
2.445
2.282
2.603
2.822
2.462
2.496
2.743
2.595
2.615
2.603
2.724
2.561
2.759
2.569
2.645
2.75
2.361
2.55
2.595
2.623
2.564
2.445
2.63
2.629
2.688
2.466
2.521
2.513
2.604
2.381
2.543
2.876
2.536
2.453
2.599
2.527
2.827
2.872
2.492
2.557
2.886
2.688
2.465
2.492
2.541
2.61
2.565
2.797
2.873
2.486
2.537
2.718
2.395
2.547
2.535
2.702
2.752
2.53
2.958
2.629
4.027
2.678
2.915
2.489
2.94
2.545
2.386
2.945
2.508
2.674
3.257
3.053
4.005
2.566
2.56
2.875
2.864
2.732
2.873
2.547
2.6
2.483
2.515
3.035
2.448
2.864
2.722
2.582
2.811
3.284
2.565
2.675
2.756
2.947
2.645
2.592
4.481
2.927
3.116
2.438
2.593
2.899
2.651
2.676
2.458
2.689
3.014
3.049
2.69
2.674
2.556
2.739
2.784
2.873
2.51
2.588
2.462
2.53
2.604
2.614
2.484
2.413
2.671
2.691
2.754
2.864
2.373
2.584
2.73
2.714
2.543
2.496
2.674
2.609
2.623
2.634
2.537
2.665
2.369
2.581
2.735
2.595
2.562
2.611
2.523
2.551
2.852
2.728
2.621
2.635
2.577
2.634
2.778
2.67
2.508
2.723
2.652
2.566
2.722
2.573
2.623
2.697
2.831
2.538
2.558
2.532
2.624
2.741
2.66
2.742
2.875
2.785
2.58
2.509
2.627
2.452
2.421
2.501
2.416
2.778
2.766
2.863
2.667
2.718
2.964
2.66
2.738
2.657
3.569
2.439
2.641
2.919
2.562
2.512
2.772
2.593
2.708
2.621
2.489
2.789
2.681
2.569
2.516
2.767
2.725
2.708
2.402
2.647
2.478
2.713
2.66
2.623
2.679
2.567
2.766
2.422
2.608
2.462
2.635
2.632
2.799
2.474
2.602
2.455
2.59
2.715
2.463
2.69
2.772
2.72
2.519
3.973
2.483
2.43
2.784
2.539
2.853
2.641
2.653
2.769
2.474
2.337
2.509
4.137
2.483
2.668
2.555
2.641
2.582
2.534
2.695
2.497
2.512
2.646
2.824
2.96
2.694
2.668
2.585
2.736
2.555
3.2
2.717
2.694
2.594
2.522
2.588
2.685
2.785
2.697
2.521
2.691
2.603
2.489
2.991
2.483
2.599
2.865
2.749
2.743
2.658
2.653
2.98
3.07
2.585
2.612
2.892
2.914
2.543
2.682
2.792
2.531
2.687
2.568
2.651
2.678
2.427
2.521
2.673
3.901
2.503
2.553
2.659
4.075
2.406
2.597
2.698
2.94
2.574
2.558
2.767
2.608
2.564
2.438
2.594
2.47
2.598
2.794
3.238
2.506
2.559
2.424
2.617
2.783
2.56
2.681
2.559
2.901
2.764
2.518
2.623
2.669
2.726
2.85
2.795
2.748
2.532
2.753
2.804
2.858
2.713
2.449
2.783
2.965
2.509
2.624
2.854
2.472
2.509
2.58
2.854
2.606
2.471
2.513
2.674
2.297
2.657
2.404
2.587
2.885
2.597
2.911
2.805
2.661
2.827
2.933
2.804
2.995
2.58
2.744
2.753
2.963
2.753
2.509
2.393
3.026
2.654
2.916
2.618
2.528
2.713
2.433
2.72
2.627
2.552
3.008
2.575
3.37
2.7
3.068
2.616
2.338
2.713
2.902
2.438
2.76
2.547
2.848
2.737
2.725
2.617
2.752
2.595
2.902
2.699
2.591
2.569
2.525
2.465
2.806
2.731
2.734
2.956
2.837
2.814
2.6
2.482
2.82
2.653
3.096
2.714
2.566
2.905
2.895
2.572
2.845
2.456
2.583
2.702
2.548
2.653
2.791
2.527
2.372
2.585
2.639
2.52
2.807
2.588
3.005
2.633
2.572
3.006
2.704
4.295
2.646
2.549
2.988
2.708
2.932
2.527
2.852
2.614
2.683
2.878
2.548
2.647
2.949
2.736
2.636
2.46
2.672
2.665
2.51
2.726
2.525
2.801
2.945
2.735
2.567
2.448
4.112
2.642
2.528
2.669
2.776
2.55
2.452
2.904
2.838
2.432
2.665
2.704
2.549
2.676
2.465
2.552
2.627
2.69
2.818
2.636
2.866
2.678
2.957
2.5
2.558
2.632
2.713
2.809
2.425
2.608
2.554
2.531
2.849
2.448
2.667
2.582
2.574
2.696
2.903
2.785
2.657
2.663
2.431
2.6
2.828
2.519
2.782
2.445
2.55
2.615
3.053
2.562
2.748
2.667
2.694
2.733
2.817
2.545
2.931
2.75
2.519
2.902
3.086
2.581
2.573
3.021
3.006
2.862
2.547
2.933
2.329
2.628
2.838
2.859
2.742
2.958
2.623
2.839
2.697
2.842
2.58
2.597
2.777
3.11
2.829
2.45
2.576
2.822
2.726
2.803
2.787
2.505
2.879
2.658
2.288
2.531
2.787
2.676
2.696
2.708
2.806
3.207
2.818
2.452
2.903
2.46
2.809
2.619
5.964
2.782
2.657
2.383
2.695
2.612
2.497
3.029
2.759
2.867
2.873
2.471
2.599
2.89
2.684
2.569
2.805
2.945
2.587
2.839
2.606
2.587
2.973
2.512
2.566
2.574
2.591
2.896
2.728
2.698
2.603
2.696
2.551
2.464
3.013
2.526
2.638
2.529
2.491
2.631
2.709
2.753
2.702
2.462
3.684
2.786
2.957
2.831
2.992
2.681
2.917
2.438
2.488
2.528
2.66
2.612
3.027
2.777
2.74
2.418
2.696
2.552
3.261
2.664
2.624
2.693
2.603
2.888
2.599
2.599
2.937
2.868
3.895
2.861
2.487
2.589
2.698
2.874
2.576
2.512
2.58
2.98
2.568
2.615
2.538
2.643
2.57
2.644
2.61
2.846
2.434
2.721
3.022
2.711
2.742
2.702
2.665
2.751
2.456
2.847
2.84
2.625
2.557
2.988
2.773
2.578
2.592
2.936
2.757
2.738
2.569
2.661
2.55
2.676
2.581
2.845
2.536
2.452
2.729
2.788
2.53
2.913
2.598
2.581
2.703
2.47
2.58
2.711
2.651
2.57
2.541
2.523
2.853
2.567
2.735
2.662
2.588
2.872
2.617
2.639
2.434
2.952
2.852
2.529
2.628
2.675
2.493
2.853
2.583
2.751
2.727
2.601
2.853
2.656
2.811
2.469
3.906
3.154
2.836
2.608
2.815
2.556
2.492
3.154
3.642
2.906
4.058
3.209
2.596
2.564
2.834
2.984
2.943
2.714
2.54
3.032
2.645
2.76
2.909
2.951
3.691
2.76
2.67
2.477
2.807
2.802
2.74
2.478
2.604
2.692
2.517
2.565
2.536
2.519
2.959
2.467
2.772
3.207
2.584
2.72
2.527
2.515
2.612
2.56
