SETUP = ipsec
ITERATIONS = 1000
IPSEC_AUTH_METHOD = pubkey
IPSEC_IKE_CIPHER_SUITE = aes128gcm16-prfsha256-ecp256
IPSEC_ESP_CIPHER_SUITE = null-sha1
IPSEC_START_ACTION = start

Results: n=1000 mean=2.876 stdev=±0.374 99%conf=±0.030
3.486
2.854
2.955
3.243
2.624
2.616
2.838
3.314
3.385
2.837
2.837
2.849
2.772
2.544
2.958
2.736
2.721
3.14
3.189
2.561
2.804
2.887
3.427
2.933
2.852
2.501
2.571
2.531
3.045
2.77
2.801
2.671
2.66
3.001
2.502
2.626
2.954
2.793
2.707
2.735
2.917
3.24
2.717
2.641
2.599
2.829
2.763
2.742
3.101
2.925
4.487
3.165
4.567
2.78
3.797
2.692
2.641
3.029
2.499
3.083
2.845
2.641
2.867
2.88
3.045
2.508
3.036
4.619
3.296
2.874
2.657
5.743
2.708
3.077
2.731
2.82
2.689
2.573
2.708
3.207
2.641
2.921
3.116
2.687
2.934
2.841
2.937
2.71
2.612
2.743
2.882
2.714
2.81
2.86
2.698
2.671
3.421
2.602
3.011
4.596
2.966
3.01
2.602
2.969
2.957
2.645
2.924
3.238
2.944
2.716
2.981
2.576
2.632
2.655
2.737
2.93
3.05
2.938
2.949
2.599
2.592
2.822
2.725
2.696
2.637
2.882
4.674
2.637
2.89
2.88
2.425
2.875
3.07
2.628
2.549
2.546
2.721
2.744
2.505
2.683
2.628
2.656
2.965
2.695
2.882
3.786
2.8
4.316
2.977
2.797
3.081
2.909
2.961
2.734
2.985
2.88
3.066
2.757
3.022
2.865
2.665
2.732
2.713
2.527
2.787
2.826
3.983
4.492
2.979
2.565
2.679
3.0
3.651
2.818
3.781
2.65
4.49
2.586
2.777
2.916
2.685
3.125
2.913
2.784
2.727
3.7
3.2
2.668
3.063
2.781
3.729
2.751
3.048
2.913
2.989
3.047
2.627
2.637
2.795
3.124
2.7
4.164
2.722
2.527
2.576
4.962
2.636
2.919
3.125
2.729
2.651
2.509
2.682
2.787
3.0
2.674
3.255
2.712
2.51
2.55
3.072
2.764
3.044
2.868
2.59
2.78
2.819
3.383
3.28
3.337
2.824
2.729
3.029
2.811
2.817
3.424
4.539
4.192
2.868
3.076
2.646
2.754
2.84
2.988
3.685
2.737
2.782
3.406
2.766
3.09
3.14
2.685
2.929
3.078
2.965
2.938
3.122
2.769
3.0
2.627
2.556
3.275
2.702
3.476
2.773
3.032
2.755
2.939
2.894
2.787
3.096
2.679
2.737
2.736
3.184
3.087
2.846
3.142
3.7
2.671
2.598
3.408
3.247
3.071
2.689
2.754
3.198
3.098
3.196
2.735
3.159
2.544
2.714
3.019
3.153
4.759
3.324
2.865
2.769
2.882
3.134
2.624
2.723
2.943
2.72
4.342
2.724
2.594
2.825
2.786
2.794
2.875
3.014
3.035
2.646
2.606
3.102
2.632
3.099
2.779
2.56
2.81
2.796
2.824
2.639
2.986
2.912
2.604
2.849
2.564
2.677
2.815
2.988
3.678
2.91
2.879
2.921
3.277
3.27
2.979
3.074
2.897
2.997
3.088
2.623
3.076
3.084
3.133
2.579
2.764
2.886
2.815
4.015
2.919
3.522
2.648
2.639
2.888
3.003
3.181
2.65
2.653
3.048
3.496
3.033
2.727
3.09
3.386
3.678
3.127
2.953
2.706
2.606
3.193
3.123
2.703
2.564
2.694
2.618
2.644
2.742
2.575
2.659
4.414
2.579
2.573
2.816
2.709
3.056
3.051
3.312
2.547
3.089
2.632
3.025
3.023
2.69
2.829
2.867
2.758
2.755
2.895
2.693
2.611
3.092
3.024
3.013
2.912
2.624
2.801
3.337
2.927
3.145
3.239
2.833
3.095
2.749
3.153
2.795
3.164
3.209
2.648
2.895
2.828
2.849
2.784
2.656
2.93
3.363
3.112
3.33
2.723
3.048
3.338
2.886
2.972
2.84
3.341
2.993
2.639
2.85
3.012
2.854
3.145
3.183
3.415
2.928
2.866
3.147
2.771
2.803
2.824
3.121
3.016
2.914
3.051
2.708
2.836
2.708
2.654
2.728
2.932
2.643
2.792
2.88
2.917
2.578
3.044
2.648
2.764
2.408
2.675
2.79
2.606
2.583
2.459
2.495
2.506
2.745
2.676
2.719
2.743
2.604
3.145
3.019
2.553
2.697
2.682
2.635
2.931
2.796
2.535
3.421
3.036
2.755
2.8
2.795
2.839
2.801
2.793
2.859
2.763
3.195
2.726
2.727
2.742
2.453
2.914
2.555
2.503
2.716
3.123
2.972
2.807
2.945
2.586
2.626
2.564
3.05
2.795
2.861
2.583
3.15
2.578
2.837
2.475
2.451
2.794
3.105
2.752
2.662
2.706
2.685
2.58
4.117
2.735
3.813
2.717
2.846
2.911
2.532
3.044
2.864
4.055
3.045
3.103
2.953
2.977
4.406
2.87
2.688
2.71
2.58
3.298
2.555
2.816
2.58
3.391
3.426
3.016
2.713
2.816
2.507
2.485
2.636
2.709
2.565
3.165
2.956
2.472
2.898
2.754
3.129
2.947
2.83
2.705
2.528
2.757
2.607
2.527
2.488
2.727
2.53
2.675
2.695
2.928
2.942
2.785
2.87
2.961
2.893
2.991
2.626
2.824
2.592
2.68
2.531
2.594
2.556
2.668
2.661
2.792
2.827
2.878
2.906
2.767
2.812
2.699
2.956
2.621
2.657
2.903
4.731
2.517
2.867
2.686
3.502
2.628
2.709
2.744
2.642
2.485
2.553
2.554
2.701
2.782
2.595
2.645
2.702
2.543
2.526
2.52
2.582
2.472
2.512
2.54
2.858
2.762
2.773
2.648
2.834
2.758
2.543
2.856
2.603
2.726
2.699
2.495
2.678
2.608
2.863
2.98
2.671
2.58
2.57
2.649
2.602
2.478
2.722
2.474
2.599
2.589
2.628
2.631
2.983
2.91
2.852
2.513
2.572
2.581
2.607
2.822
2.688
2.572
2.722
2.637
2.713
2.836
2.464
2.471
2.626
2.609
2.918
2.768
2.6
2.996
2.516
2.737
2.769
2.704
2.689
2.763
2.581
2.623
2.978
2.777
3.099
2.447
2.77
2.835
2.999
2.496
2.692
2.896
2.753
3.061
2.617
2.943
2.721
2.585
2.994
2.6
2.563
2.479
2.767
2.808
3.252
2.663
2.619
2.618
2.713
2.559
2.613
2.908
2.618
3.058
2.807
2.781
2.751
2.824
2.724
2.655
2.548
3.219
2.909
2.709
2.704
2.648
2.585
2.786
2.965
2.691
2.612
3.025
2.626
3.111
2.631
2.781
2.979
2.858
2.857
2.995
2.809
2.673
2.878
2.721
2.766
2.802
2.915
3.023
2.805
2.688
4.353
2.637
4.158
2.75
2.547
2.658
2.759
2.856
2.781
2.635
2.906
2.887
4.198
2.605
2.582
2.775
2.852
2.973
4.266
2.612
2.672
2.727
2.646
3.023
2.737
2.685
2.911
2.674
2.921
2.825
2.714
3.224
2.736
3.071
2.884
2.813
2.584
3.056
2.707
2.708
2.959
2.629
2.975
2.547
2.899
2.682
2.933
2.784
2.557
3.003
2.677
2.584
3.084
2.997
2.907
2.813
2.668
3.269
2.815
2.921
2.692
2.703
2.815
4.28
3.121
2.611
2.788
2.854
2.743
5.448
2.813
2.581
2.815
2.79
2.847
2.856
3.001
4.53
2.627
3.076
2.572
2.856
2.788
2.81
2.959
2.813
2.783
2.72
2.595
2.633
2.815
2.616
2.739
2.635
2.638
2.907
2.56
2.642
3.006
2.807
2.857
2.713
2.779
2.787
3.089
2.663
2.658
2.531
2.717
3.023
2.787
2.756
2.803
3.002
2.749
2.75
2.701
2.96
2.689
2.828
2.99
2.636
2.795
2.73
3.077
2.534
2.613
2.648
3.639
2.82
2.579
3.028
2.85
2.608
2.607
2.58
2.616
2.9
4.632
3.16
2.727
2.885
2.676
2.849
2.991
2.71
2.77
2.576
2.515
2.905
2.546
2.856
2.627
2.632
2.863
2.619
2.751
2.97
2.774
2.811
2.951
2.643
2.8
2.766
2.71
2.579
3.041
2.944
2.556
2.589
2.835
3.162
2.753
2.977
4.078
2.723
2.954
2.806
4.119
2.965
2.586
2.859
2.752
2.671
2.71
3.029
2.655
2.656
3.742
2.826
3.134
2.941
2.582
2.904
2.837
2.567
2.591
2.747
2.625
2.706
3.002
2.864
2.538
2.818
2.538
2.659
2.658
2.694
2.975
2.996
2.708
2.682
2.531
2.608
2.583
2.607
2.789
2.558
2.629
2.979
2.886
2.715
2.702
2.684
2.905
2.959
2.948
2.595
2.802
2.997
2.777
2.594
3.421
2.748
2.52
2.977
2.912
3.037