SETUP = ipsec
ITERATIONS = 1000
IPSEC_AUTH_METHOD = pubkey
IPSEC_IKE_CIPHER_SUITE = aes128gcm16-prfsha256-ecp256
IPSEC_ESP_CIPHER_SUITE = aes256-sha2_256
IPSEC_START_ACTION = start

Results: n=1000 mean=2.915 stdev=±0.410 99%conf=±0.033
2.973
2.663
2.76
2.815
2.41
3.003
2.494
2.445
2.348
2.302
2.513
2.437
2.627
2.476
2.383
2.622
2.509
2.713
2.625
2.787
2.565
2.765
2.803
2.462
2.567
2.675
2.866
2.621
2.658
2.612
2.588
2.728
2.503
2.617
2.629
2.59
2.85
2.829
2.671
2.539
2.601
2.648
2.623
2.591
2.47
2.713
2.681
2.64
2.462
2.565
2.474
2.537
2.622
2.699
2.559
2.834
2.662
2.646
2.723
2.551
2.687
2.561
3.007
2.639
2.583
2.599
4.034
2.613
2.668
2.497
4.033
2.911
2.638
2.701
2.591
2.982
2.614
2.745
2.719
2.642
2.564
2.625
2.712
2.468
2.782
2.683
2.557
2.555
2.571
2.441
2.797
2.894
2.989
2.759
2.621
3.185
2.923
2.701
3.002
3.247
2.589
2.975
2.982
3.276
2.865
2.934
2.744
2.609
3.034
2.756
2.634
2.691
2.678
2.67
2.713
2.801
2.944
2.604
2.815
2.635
2.591
2.797
2.683
2.852
2.559
2.676
2.967
2.542
2.82
2.861
2.931
2.819
2.734
2.692
2.764
3.246
2.773
3.154
2.772
2.589
3.148
2.6
3.247
2.713
2.713
3.045
2.727
2.785
2.681
2.675
2.67
2.934
2.788
2.74
2.64
2.996
2.795
3.281
2.664
2.723
4.302
2.832
2.588
3.077
2.864
2.457
2.653
2.666
2.775
2.827
2.538
2.943
2.623
2.761
2.641
4.555
3.083
2.799
2.661
2.826
2.654
2.628
2.735
2.748
2.588
2.975
2.872
2.969
2.71
2.674
2.735
3.044
2.772
2.601
2.699
2.837
2.663
2.771
2.811
2.694
2.745
2.632
2.57
2.845
2.87
2.639
2.864
2.725
2.873
2.884
2.51
2.693
2.8
2.838
2.761
2.732
2.67
2.839
2.63
2.741
3.113
2.923
3.101
3.477
2.609
2.657
2.635
2.621
2.649
2.598
2.482
2.734
2.568
2.807
2.787
2.73
3.184
2.774
2.664
2.592
2.973
2.767
2.8
2.635
2.607
2.884
2.769
2.786
2.725
2.652
2.79
2.713
2.803
2.62
3.057
2.629
2.646
2.88
2.849
2.588
2.78
3.169
2.835
2.904
2.773
2.583
2.625
2.884
2.903
2.865
2.684
2.862
2.679
2.783
2.931
2.692
2.602
2.684
2.909
2.763
2.889
2.98
2.861
2.587
2.937
2.59
2.726
2.629
2.728
2.914
2.648
3.274
2.585
2.897
2.572
2.533
2.91
2.53
3.017
2.567
2.631
3.07
2.627
2.533
2.672
4.135
2.868
3.46
2.818
4.367
2.648
3.031
2.936
2.862
2.707
2.614
2.714
2.545
3.64
3.172
2.782
2.95
2.564
3.275
2.721
2.733
4.281
2.641
3.129
2.979
2.735
2.777
2.773
6.665
2.987
2.719
2.757
2.998
2.906
2.752
2.984
3.21
3.01
3.181
2.829
2.761
4.042
2.971
2.97
3.132
2.729
2.956
2.918
2.802
3.124
2.83
3.063
2.692
3.023
2.79
2.788
2.965
2.947
2.906
3.044
2.675
2.922
2.739
2.609
2.584
2.98
2.896
4.346
3.424
3.394
2.725
3.021
2.811
3.18
3.233
2.744
2.908
2.819
3.099
2.59
2.78
2.708
3.139
3.223
2.771
3.095
2.872
2.654
2.814
3.043
2.619
2.994
3.144
3.712
3.173
2.601
2.72
2.8
2.987
2.939
2.889
2.796
3.143
3.001
3.311
2.69
2.713
2.8
3.009
3.851
2.961
5.426
2.73
4.831
2.972
3.01
2.813
2.821
2.68
2.962
3.033
2.776
2.838
3.256
2.727
3.749
2.791
2.723
2.843
2.742
2.937
3.184
2.697
2.623
2.961
2.775
2.809
2.743
2.655
2.856
3.094
3.691
3.242
3.246
2.883
3.077
3.236
2.815
2.954
2.907
2.631
2.726
2.834
2.662
2.838
2.677
2.706
2.775
2.71
3.234
3.145
2.988
2.782
3.163
2.934
4.197
2.916
3.811
2.928
2.697
2.857
2.891
2.707
2.734
3.168
2.768
2.771
2.732
2.579
2.914
3.074
2.967
2.763
3.023
2.814
2.954
2.675
3.179
3.02
2.881
3.006
3.021
3.09
4.611
2.854
2.746
2.597
2.608
2.809
2.964
2.627
3.506
2.706
2.712
3.129
2.801
3.322
2.981
2.752
3.147
3.111
3.027
2.947
2.831
3.68
3.006
3.218
2.815
2.932
2.768
3.04
2.785
2.908
2.873
2.851
2.93
3.045
3.561
3.21
3.1
2.656
2.853
2.895
5.567
2.94
3.167
2.923
3.016
3.16
3.453
2.8
2.941
3.003
3.039
6.549
3.081
2.909
2.76
4.366
3.179
3.695
2.802
3.172
3.294
2.94
2.7
2.761
3.6
3.142
3.169
3.065
2.716
2.989
2.763
3.108
3.578
2.818
3.387
3.153
3.096
3.07
3.071
2.895
2.961
2.699
2.891
2.843
2.976
3.091
2.954
2.79
2.802
3.783
2.741
2.92
2.885
2.662
2.712
2.921
2.588
2.573
3.008
2.678
2.838
3.243
2.908
2.627
2.924
2.799
3.638
2.634
2.881
3.092
2.785
2.681
2.739
2.741
5.099
3.184
2.85
2.619
2.637
2.686
2.785
2.72
2.996
3.197
3.07
2.696
3.062
2.594
2.935
3.146
2.753
3.109
3.089
2.968
2.802
2.843
2.977
4.68
2.552
2.682
2.87
2.842
2.799
2.56
2.737
2.938
2.974
2.751
2.906
2.731
2.667
2.715
2.924
2.695
2.97
2.849
3.046
3.105
2.903
2.585
3.329
2.725
2.802
2.807
2.792
2.825
2.645
2.968
2.81
2.73
2.683
3.175
2.951
2.67
2.726
2.804
2.668
2.897
2.949
2.772
3.055
2.664
2.933
3.093
3.092
4.785
2.807
2.716
3.133
3.049
2.758
3.18
2.811
2.959
2.906
3.156
2.764
3.054
2.822
2.846
3.056
2.999
2.772
2.507
2.854
2.954
2.744
2.844
2.633
2.926
2.965
3.123
2.792
2.843
3.081
3.311
2.88
3.11
3.019
2.678
2.893
3.205
2.633
2.692
2.614
2.781
3.056
2.969
2.929
2.953
2.811
2.886
2.687
2.877
2.831
3.109
2.802
2.845
2.748
2.688
3.201
2.738
2.881
2.891
2.675
2.797
2.88
3.15
2.724
2.613
2.831
2.56
2.813
2.995
2.847
3.118
2.61
2.973
3.272
2.895
2.63
2.98
2.75
3.031
2.864
3.241
2.839
2.978
2.795
3.648
2.66
2.793
2.924
4.61
2.869
2.803
2.688
3.846
3.092
2.646
2.875
2.846
2.637
2.593
2.921
2.978
2.855
2.771
2.722
2.727
2.91
2.725
3.13
3.855
2.757
2.799
2.553
2.697
2.669
2.755
2.508
2.869
2.783
2.676
2.627
2.864
2.629
2.696
2.71
2.757
2.628
3.101
2.814
2.824
2.86
3.35
3.143
2.573
2.825
4.047
2.882
2.83
2.9
2.627
2.905
2.814
2.682
2.744
2.892
2.802
2.749
2.882
2.714
3.003
3.023
2.668
2.768
2.692
3.015
2.683
3.1
2.755
3.03
3.321
3.023
2.651
2.86
2.766
2.799
3.008
3.432
3.131
3.888
2.772
3.026
3.043
3.312
3.048
3.003
2.802
2.729
2.873
4.47
2.912
2.893
2.848
2.859
2.609
2.779
2.695
2.881
2.887
2.773
2.97
2.651
2.667
3.004
2.677
2.921
3.024
4.173
3.505
2.84
2.854
3.643
3.077
3.111
2.747
2.936
2.926
3.824
2.968
2.928
2.907
2.705
2.829
2.725
2.926
2.672
3.036
4.58
2.772
4.443
2.668
4.768
2.878
3.097
2.9
2.876
2.751
3.067
2.927
2.677
2.884
3.002
2.861
2.858
2.636
5.587
2.903
2.844
3.096
3.052
2.848
2.924
3.147
2.787
2.854
2.93
2.641
2.751
2.68
2.629
2.922
2.745
2.903
3.237
2.799
3.134
2.615
3.226
2.915
2.963
2.952
2.606
2.895
2.74
2.755
3.101
2.656
3.351
2.574
2.819
2.701
2.739
2.782
2.773
3.147
3.194
2.728
3.088
2.967
2.841
2.792
2.757
3.066
3.028
5.328
3.136
3.526
2.879
3.366
2.843
3.194
3.026
2.719
2.677
2.855
2.989
2.741
2.821
2.886
2.67
2.831
4.25
2.575
4.673
2.854
3.693
2.856
2.823
3.055
2.78
2.906
2.697
2.82
2.824
2.968
3.161
3.072
3.116
2.893
