SETUP = ipsec
ITERATIONS = 1000
IPSEC_AUTH_METHOD = pubkey
IPSEC_IKE_CIPHER_SUITE = aes128gcm16-prfsha256-ecp256
IPSEC_ESP_CIPHER_SUITE = aes128-sha2_256
IPSEC_START_ACTION = start

Results: n=1000 mean=2.706 stdev=±0.286 99%conf=±0.023
2.965
2.388
2.365
2.831
2.955
2.953
2.328
2.806
2.665
2.881
2.333
2.643
2.386
2.651
2.448
2.454
2.5
2.461
2.44
2.368
2.341
2.59
2.751
2.293
2.369
2.539
2.486
2.447
2.497
2.584
2.604
2.433
2.763
2.381
2.454
2.762
2.55
2.748
2.664
2.387
2.643
2.553
2.533
2.729
2.744
2.788
2.548
2.831
2.445
2.49
2.583
2.478
2.609
2.53
2.641
2.569
2.532
2.447
2.899
2.54
2.974
2.648
2.625
2.513
2.475
2.859
2.441
2.561
2.443
2.472
2.531
2.667
2.468
2.69
2.499
2.45
2.393
2.55
2.328
2.55
2.584
2.726
2.582
2.454
2.546
2.383
2.518
2.857
2.549
2.438
2.537
2.968
2.51
2.502
2.496
2.409
2.373
2.427
2.669
2.475
2.492
2.637
2.832
2.481
2.809
2.685
2.46
2.909
2.515
2.795
2.493
2.398
2.744
3.253
2.717
4.125
2.524
2.307
2.783
2.899
2.666
2.326
2.494
2.486
2.826
2.81
2.39
2.723
2.564
2.558
2.569
2.466
2.582
2.524
2.516
2.638
2.534
2.502
2.775
2.664
2.411
2.395
2.555
2.533
2.547
2.807
2.718
2.587
2.697
2.908
2.744
2.522
2.683
2.325
2.654
2.403
2.647
2.723
2.562
2.592
2.675
2.579
2.777
2.526
2.49
2.574
2.524
2.81
2.546
2.494
2.778
2.546
2.455
2.44
2.65
2.821
2.453
2.568
2.564
2.352
2.602
2.978
2.865
2.673
2.679
2.97
2.719
2.395
2.52
2.968
2.387
2.877
2.507
2.971
2.402
2.657
2.457
2.659
2.449
2.488
2.597
2.643
2.55
2.588
2.68
2.609
2.466
2.716
2.804
4.152
2.968
2.586
2.513
2.857
2.618
2.589
2.537
2.775
2.4
2.684
2.459
2.539
2.733
2.478
2.489
2.56
2.644
2.609
2.64
2.603
2.902
2.865
2.835
2.581
2.461
2.857
2.637
2.541
2.954
2.858
2.687
3.119
2.452
3.007
2.598
2.761
2.79
2.777
2.67
2.606
2.776
2.491
2.541
2.715
3.484
2.804
2.53
2.413
2.941
2.4
3.874
2.531
2.863
2.791
2.605
2.453
2.544
2.576
2.406
2.406
2.974
3.022
2.948
2.675
3.09
2.509
2.474
2.643
2.453
2.491
2.902
2.878
2.941
2.924
4.177
2.613
2.393
2.485
2.733
2.558
2.458
2.816
2.825
2.727
2.58
2.591
2.826
2.898
2.874
2.559
2.558
2.688
2.793
2.791
2.721
2.638
2.511
2.45
2.509
2.463
2.541
2.454
2.589
2.603
2.64
2.724
2.612
2.599
2.603
2.593
2.764
2.544
2.485
2.81
2.709
2.616
2.476
2.828
2.571
2.735
2.49
2.594
2.449
2.491
2.562
2.587
2.561
2.574
2.591
2.575
2.598
2.576
2.625
2.611
2.865
2.659
2.666
2.592
2.648
2.493
2.798
2.634
2.699
2.596
3.939
2.794
2.624
2.779
2.513
2.627
2.666
2.619
2.519
2.582
2.404
2.624
4.04
2.701
3.024
2.749
2.489
2.65
2.653
2.683
2.532
2.705
2.627
2.55
4.147
2.63
4.327
2.578
4.855
2.595
2.839
2.84
2.565
2.529
3.352
2.52
2.804
2.636
2.884
3.147
3.097
2.561
2.62
2.629
2.689
2.933
2.683
2.882
2.558
2.407
2.91
2.557
2.908
2.848
2.449
2.744
2.842
2.577
2.989
3.099
2.799
2.722
2.692
2.806
2.707
2.528
2.464
2.956
2.51
2.689
2.597
2.542
2.485
2.643
2.606
2.533
2.593
2.836
2.886
2.677
2.567
2.695
2.816
2.787
3.855
2.624
3.563
2.617
3.069
2.934
5.87
2.645
2.744
2.683
2.879
2.615
5.179
2.643
2.705
2.485
2.976
2.754
2.761
2.552
2.702
2.619
2.68
2.632
3.149
2.475
2.878
2.467
2.69
2.802
2.57
2.542
2.609
2.706
2.596
3.276
2.496
2.758
2.616
2.55
2.488
2.502
2.878
2.891
2.958
2.878
2.502
2.848
2.616
3.053
2.741
2.583
2.632
2.718
2.356
2.627
2.607
2.513
2.53
2.904
2.602
2.824
2.559
2.796
2.911
2.525
2.805
2.793
2.633
2.586
3.076
2.468
4.103
2.739
2.591
2.601
3.15
2.701
2.957
2.663
2.636
2.427
2.855
2.655
2.671
2.883
2.669
2.84
2.683
2.615
2.543
2.853
2.647
2.836
2.602
2.747
2.599
2.612
2.861
4.744
2.495
2.834
2.713
2.518
2.585
2.654
2.535
2.845
3.009
2.47
2.527
2.518
2.742
2.628
2.769
2.688
2.834
2.481
2.615
2.727
2.611
2.451
2.522
2.91
2.584
2.755
2.597
2.678
2.696
2.782
2.966
2.585
2.545
2.582
2.932
2.424
2.603
2.678
2.656
2.69
2.716
2.901
2.612
2.597
2.554
2.758
2.871
2.522
2.569
2.894
2.5
2.726
2.731
2.538
2.508
2.557
2.681
2.896
2.722
2.946
2.592
2.865
2.83
2.849
2.738
2.613
2.596
3.0
3.005
2.689
2.671
2.82
2.604
2.836
2.609
2.905
2.721
2.633
2.69
2.685
2.891
2.734
2.546
2.656
2.813
2.938
2.573
2.535
2.551
2.601
2.642
2.582
2.698
2.704
2.543
2.871
2.609
2.66
2.527
2.684
2.609
2.424
2.55
2.79
2.693
2.659
2.589
2.752
2.545
2.5
2.734
2.864
2.744
2.521
2.48
2.716
2.628
2.539
2.604
2.54
2.873
2.884
2.632
2.553
2.68
2.639
2.46
2.587
3.112
2.787
2.796
2.479
2.468
2.687
2.949
2.871
2.483
2.609
2.515
2.702
2.857
2.869
2.547
2.907
3.182
2.794
2.593
2.705
2.638
2.712
2.722
2.484
2.919
2.832
3.007
2.485
2.633
2.513
2.75
2.856
2.695
2.641
2.603
2.855
2.554
2.655
2.867
2.733
3.08
2.712
3.621
2.636
2.583
2.663
2.9
3.004
2.897
2.579
2.728
2.868
2.808
2.883
2.823
2.693
2.721
2.712
2.725
2.523
2.515
2.938
2.605
2.521
2.425
2.779
2.758
2.782
2.759
2.808
2.912
2.517
2.606
3.118
2.845
2.674
2.78
2.56
2.708
2.535
2.727
2.711
2.642
2.779
2.619
2.602
2.692
3.078
2.799
2.548
2.486
2.658
2.529
2.688
2.539
2.629
2.566
2.748
2.762
2.677
2.594
2.548
2.613
2.933
2.615
2.827
2.926
2.485
2.689
2.549
2.781
2.63
2.65
2.69
2.748
2.75
2.624
2.675
2.681
2.668
2.783
2.54
3.072
2.768
2.992
2.647
2.566
2.501
2.783
2.653
2.992
2.718
2.932
2.633
2.662
2.795
2.698
3.259
2.623
2.753
2.578
2.577
2.705
2.572
2.86
2.861
2.605
2.735
2.555
2.722
2.67
2.919
2.564
2.537
2.59
2.571
2.83
2.632
2.954
2.964
2.505
2.556
2.442
2.592
2.645
2.723
2.631
2.567
2.913
2.637
2.898
2.619
2.699
2.579
2.885
2.798
2.821
2.561
2.604
2.938
2.778
2.58
2.605
2.863
2.726
2.72
2.933
2.726
2.554
2.696
2.891
2.754
2.979
2.492
2.675
2.656
2.69
2.958
2.678
2.408
2.575
2.57
2.661
3.024
2.609
2.689
2.882
2.857
2.618
2.939
2.899
2.615
2.735
2.73
2.809
2.651
2.502
2.92
2.789
2.56
2.645
2.918
2.648
3.061
2.964
2.647
2.966
2.9
2.449
4.11
2.617
2.791
2.494
2.603
2.827
2.766
2.891
3.182
2.865
2.51
4.162
2.812
2.495
2.71
2.533
2.535
2.972
2.727
2.561
2.778
3.162
2.701
2.67
2.573
2.637
3.051
2.638
2.934
3.033
2.701
3.044
2.57
2.507
2.491
2.757
2.584
2.9
2.618
2.66
2.743
2.633
2.659
2.463
2.51
2.578
2.927
2.726
2.599
2.645
2.697
2.846
2.494
2.806
2.517
2.6
2.737
4.282
2.517
2.666
2.869
2.62
2.542
2.947
2.979
2.781
2.62
2.773
2.926
2.819
2.764
2.933
3.065
2.514
2.908
2.955
2.598
2.866
2.946
2.533
2.685
2.55
2.69
2.988
2.701
2.611
2.897
2.491
2.762
2.59
2.832
2.624
2.697
2.684
2.686
2.678
3.016
2.563
2.565
2.721
2.95
2.61
2.732
2.833
2.652
