SETUP = ipsec
ITERATIONS = 1000
IPSEC_AUTH_METHOD = pubkey
IPSEC_IKE_CIPHER_SUITE = aes128gcm16-prfsha256-ecp256
IPSEC_ESP_CIPHER_SUITE = aes128gmac
IPSEC_START_ACTION = start

Results: n=1000 mean=2.705 stdev=±0.285 99%conf=±0.023
3.016
2.426
2.516
2.634
2.394
2.351
2.5
2.694
2.548
2.789
2.434
2.599
2.59
4.01
2.404
2.873
2.363
2.406
2.694
2.52
2.631
2.631
2.332
2.619
2.687
2.549
2.557
2.265
2.527
2.243
2.579
2.496
2.654
2.464
2.384
2.969
2.577
2.741
3.049
2.401
2.298
2.428
2.665
2.584
2.624
2.739
2.576
3.906
2.372
3.527
2.75
2.633
2.575
2.487
2.514
2.405
2.714
2.718
2.881
2.618
2.88
2.582
2.653
3.266
3.058
2.589
2.95
2.548
4.103
2.67
4.439
2.452
2.478
2.481
2.708
2.663
2.731
2.878
2.663
2.874
2.786
3.044
2.762
2.573
2.852
2.694
2.775
2.446
2.664
3.51
2.627
2.691
2.499
3.621
2.632
2.62
2.497
4.079
2.886
4.478
2.532
2.661
2.723
2.673
2.518
2.565
2.702
2.616
2.597
2.926
2.816
2.901
2.75
2.63
2.618
2.639
2.925
2.53
2.599
2.855
2.913
2.937
2.678
2.563
2.676
3.088
2.525
2.671
2.543
2.394
2.709
2.463
2.765
2.708
2.742
2.669
2.541
2.766
2.753
2.877
2.555
3.034
2.99
2.598
2.545
2.707
2.693
2.616
2.819
2.791
2.645
2.757
3.014
2.617
2.752
2.986
2.642
2.54
3.029
2.578
2.519
2.709
2.62
2.495
2.724
2.766
2.555
2.708
3.075
2.664
2.55
2.527
2.684
2.497
2.563
2.513
2.65
2.601
2.55
2.772
2.844
2.451
2.807
2.875
2.515
2.913
2.573
2.315
2.504
2.848
2.562
2.735
2.255
2.725
2.823
2.705
2.394
2.29
2.653
2.67
2.645
2.88
2.671
2.787
2.877
2.74
2.7
2.492
2.643
2.67
2.481
2.655
3.083
2.735
2.312
2.722
2.617
2.507
2.563
2.674
2.504
2.522
2.487
2.524
2.519
2.451
2.743
2.581
2.675
2.838
2.622
2.473
2.595
2.669
2.839
2.483
2.501
2.642
2.462
2.685
2.476
2.449
2.756
2.59
2.602
2.731
2.603
4.063
2.627
2.734
2.836
2.833
2.719
2.971
2.563
2.634
2.9
2.856
2.622
2.452
2.716
2.595
2.683
2.46
2.501
2.778
2.772
2.738
2.502
2.624
2.668
2.765
2.598
2.389
2.497
2.93
2.62
2.907
2.518
2.816
2.489
2.356
2.67
2.868
2.432
2.55
2.63
2.931
2.548
2.507
2.636
2.482
2.49
2.31
3.357
2.899
2.418
2.759
2.673
2.466
2.704
2.467
2.831
2.571
2.832
2.662
2.681
2.587
4.438
2.553
3.686
2.746
2.681
2.434
2.641
2.586
2.485
2.569
2.503
2.575
2.649
2.574
2.469
2.648
2.404
2.551
2.713
2.903
2.92
2.623
2.659
2.512
2.831
2.871
2.737
2.555
2.694
2.572
2.776
2.645
2.566
2.697
2.351
2.502
2.679
2.424
2.558
2.572
2.534
2.641
2.774
2.613
2.506
2.748
2.502
2.434
2.777
2.504
2.859
2.898
2.414
2.54
2.679
2.733
2.385
2.418
2.836
2.437
2.659
2.503
2.575
2.831
2.575
2.6
2.746
3.047
2.541
2.794
2.734
3.181
2.45
2.829
2.375
2.803
2.438
2.641
2.924
2.915
2.592
2.63
2.765
2.673
2.688
2.54
2.751
2.499
2.542
2.493
2.81
2.716
2.5
2.689
2.556
2.713
2.658
2.533
2.652
2.586
2.51
2.789
2.575
2.887
2.54
2.497
2.981
2.597
2.759
2.401
2.565
2.827
2.871
2.764
2.592
2.602
2.535
2.829
2.687
3.118
2.921
2.783
2.896
2.583
2.663
3.196
2.435
3.166
2.699
3.091
2.77
2.741
2.702
2.76
2.601
2.618
2.845
2.537
2.479
2.64
2.503
2.738
2.538
2.556
2.731
2.52
2.731
2.677
2.774
2.52
2.546
2.839
2.645
2.948
2.604
3.074
2.714
2.499
2.909
2.746
2.936
2.422
2.814
2.511
2.452
2.788
3.24
2.612
2.632
2.619
2.398
2.824
2.674
2.498
2.733
2.928
2.689
2.48
2.675
2.867
2.842
2.624
3.984
2.828
2.774
2.424
2.815
2.725
2.532
2.355
2.58
2.718
2.836
2.952
2.548
2.627
2.781
2.903
2.785
2.559
2.593
2.655
2.77
2.371
2.62
2.536
2.657
2.739
2.952
2.669
2.613
2.54
2.483
2.567
2.612
2.808
2.534
2.701
2.721
2.502
2.636
2.394
2.727
2.616
3.319
2.719
2.696
2.706
2.714
2.685
2.476
2.622
2.483
2.826
2.75
2.308
2.537
2.838
2.85
2.671
2.691
2.775
2.747
2.617
2.504
2.689
2.432
2.566
3.018
2.569
2.493
2.853
2.528
2.761
3.162
2.736
2.831
2.642
2.792
2.663
4.27
2.533
2.611
2.376
2.9
2.784
3.102
2.875
4.102
2.931
2.759
2.588
2.73
2.393
2.839
2.693
2.424
2.662
2.813
2.539
2.569
2.574
2.438
2.736
2.546
2.693
2.722
2.628
3.003
2.688
2.442
2.828
2.782
2.934
2.599
2.733
2.415
3.247
2.518
2.711
2.631
2.597
2.538
2.455
2.862
2.755
2.607
2.708
2.645
2.434
2.954
2.747
2.743
2.742
2.794
2.537
2.536
4.398
2.791
2.559
2.69
2.628
2.629
3.0
2.491
2.765
2.476
2.576
2.679
2.637
2.636
2.493
2.487
2.797
2.745
2.609
2.798
2.582
2.583
2.614
2.553
2.561
2.661
2.56
2.753
3.822
2.788
2.796
2.91
3.026
2.527
2.504
2.854
2.599
2.44
2.58
2.508
2.447
2.536
2.742
2.729
2.742
2.694
2.586
2.554
2.747
2.717
2.639
2.601
2.503
2.625
2.722
2.891
2.734
2.637
2.531
2.529
2.636
2.525
2.771
2.748
2.888
2.603
2.667
2.804
2.788
2.944
2.628
2.514
2.624
2.628
2.665
2.751
2.627
2.518
2.785
2.701
2.791
3.113
2.579
2.513
2.61
2.916
2.741
2.476
3.042
2.96
2.915
2.803
2.645
2.581
2.766
2.511
2.7
2.518
2.668
2.516
2.792
2.879
2.978
2.759
2.529
2.611
2.435
2.374
2.519
2.412
2.506
2.916
3.027
2.585
2.446
2.897
2.7
2.764
2.755
2.473
2.61
2.41
2.672
2.64
2.447
2.612
2.552
3.115
3.008
2.808
2.763
2.734
3.026
2.542
4.857
2.675
2.555
2.798
4.573
2.648
2.639
2.873
2.644
2.648
2.579
2.677
2.935
3.183
2.961
2.666
2.485
2.544
4.174
2.798
2.477
2.504
2.43
2.775
2.605
3.349
2.587
2.508
2.61
2.733
2.625
2.566
2.862
2.852
2.777
2.691
2.574
2.488
2.656
2.493
2.719
2.458
2.688
2.355
2.696
2.536
2.652
3.221
2.701
2.708
2.607
2.698
2.62
2.808
2.931
2.561
3.003
2.887
3.759
2.502
2.764
2.794
2.769
2.794
2.877
2.505
2.541
2.782
2.548
2.862
2.441
2.938
2.908
2.592
2.657
2.564
2.765
2.825
2.888
2.573
2.748
2.883
2.56
2.904
2.514
2.842
2.623
2.966
2.479
2.528
2.52
2.635
2.791
2.794
2.597
2.581
2.46
2.816
2.586
2.665
3.003
2.824
2.543
2.567
2.576
2.628
2.542
2.698
2.491
2.623
2.83
3.002
2.78
2.875
2.515
2.743
2.517
2.86
2.604
2.715
2.653
2.399
2.614
2.577
2.721
3.124
2.52
2.858
2.652
2.808
2.593
2.666
2.556
2.57
2.621
3.608
2.689
2.928
2.526
2.552
2.556
2.631
2.486
2.731
2.609
2.765
2.752
2.524
2.885
2.755
2.587
2.566
2.839
2.55
2.489
2.89
2.752
2.754
2.917
2.613
2.622
2.717
2.664
2.681
3.335
2.614
2.571
2.471
2.587
2.576
2.778
2.719
2.739
2.736
2.663
2.58
2.64
2.538
2.904
2.796
2.559
2.824
2.745
2.677
2.602
2.739
2.671
3.129
2.717
2.705
2.962
2.546
2.439
4.139
2.349
2.764
2.702
2.937
2.512
2.765
2.43
2.669
2.404
2.629
2.924
2.675
2.848
2.285
2.759
2.601
2.974
2.796
2.92
2.81
2.424
4.924
2.527
2.741
2.911
2.559
2.432
2.599
2.586
2.566
2.58
2.686
2.856
2.59
2.913
2.696
2.68
2.851
2.719
2.521
2.532
2.739
2.546
3.266
2.588
2.849
2.564
