SETUP = noenc
ITERATIONS = 1000

Results: n=1000 mean=2.672 stdev=±0.335 99%conf=±0.027
2.723
2.411
2.343
2.389
2.192
2.217
2.389
2.332
2.196
2.286
2.069
2.288
2.429
2.377
2.426
2.318
2.189
2.105
2.4
2.3
2.283
2.425
2.573
2.352
2.333
2.386
2.421
2.404
2.551
2.218
2.398
2.637
2.339
2.415
2.537
2.124
2.031
2.365
2.396
2.358
2.382
2.455
2.602
2.538
2.445
2.488
2.628
2.252
2.23
2.393
2.495
2.454
2.402
2.466
2.35
2.606
2.201
2.159
2.272
2.559
2.356
2.269
2.282
2.138
2.31
3.953
2.292
2.496
2.246
2.121
2.357
2.515
2.308
2.347
2.276
2.246
2.445
2.435
2.548
2.53
2.238
2.411
2.166
2.487
2.265
2.452
3.751
2.305
2.449
2.934
2.545
2.269
2.086
2.241
2.464
2.719
2.329
2.558
2.392
2.607
2.234
2.463
2.23
2.097
2.528
2.539
2.588
2.146
2.154
2.721
2.106
2.535
2.393
2.308
2.44
2.392
2.178
2.307
2.301
2.571
2.427
2.707
2.462
2.849
2.392
2.376
2.841
2.48
2.428
2.44
2.411
2.298
2.471
2.221
2.22
2.319
2.481
2.331
3.94
2.456
2.64
2.19
2.271
2.32
2.431
2.461
2.105
2.675
2.871
2.364
2.428
2.762
2.781
3.408
2.569
2.72
2.636
2.681
2.362
4.301
2.545
2.497
2.556
2.453
2.31
2.956
2.848
2.606
2.433
2.874
2.501
2.496
2.537
2.583
2.613
2.891
2.668
2.987
2.949
2.826
2.562
2.608
2.553
2.553
2.58
2.515
2.807
2.894
2.576
2.888
3.32
2.914
2.811
2.606
2.569
2.607
2.913
2.546
2.659
2.68
2.472
2.467
2.77
2.842
2.65
2.679
2.612
2.65
2.776
2.433
2.668
2.724
2.561
2.673
2.583
2.706
2.548
2.846
2.675
2.683
3.677
2.602
2.961
2.997
2.505
2.561
2.815
2.728
2.667
2.993
2.53
2.873
2.59
2.597
2.709
2.524
2.616
2.445
2.941
2.698
4.052
2.674
2.639
2.979
2.923
2.494
2.684
2.565
2.872
2.642
2.578
2.441
2.875
2.642
2.765
3.467
2.663
2.541
2.621
2.624
2.803
2.63
2.605
2.845
2.591
2.515
2.647
2.89
2.903
2.553
2.683
2.642
3.403
2.592
2.686
2.637
2.74
2.741
3.156
2.644
2.741
2.593
2.808
2.813
2.563
2.876
2.673
2.532
3.134
2.779
2.732
3.415
2.992
2.59
2.391
2.469
2.648
2.468
2.426
2.499
2.483
2.865
2.932
2.741
2.76
2.598
2.529
2.688
2.499
2.776
2.481
2.714
2.886
2.991
2.463
2.945
2.475
2.42
2.793
2.52
2.611
2.704
2.773
2.768
2.437
2.69
4.265
2.403
2.777
2.581
3.152
2.445
2.951
2.53
2.72
2.764
2.527
3.078
2.485
2.719
2.703
2.502
2.769
2.459
2.398
2.736
2.877
2.621
2.943
2.66
2.726
2.59
2.66
2.69
2.727
2.608
2.413
2.597
2.674
2.748
2.63
2.494
2.607
2.689
2.733
2.744
2.747
2.536
2.811
2.786
2.51
2.802
2.913
2.657
2.577
2.722
2.49
2.45
2.6
2.688
2.425
2.719
2.751
2.469
2.525
2.582
2.714
2.667
2.617
2.668
3.035
2.632
2.679
2.911
2.468
2.992
2.61
2.492
2.723
2.748
2.617
2.792
2.621
2.679
2.496
2.673
2.946
2.57
2.547
2.459
2.659
2.488
2.469
2.346
2.482
2.591
2.385
2.74
2.53
2.678
2.604
3.603
2.616
2.815
2.692
2.785
2.451
2.59
2.745
2.502
2.456
3.325
2.466
2.82
2.781
2.943
2.603
2.523
2.651
2.738
2.412
2.518
2.485
2.536
2.563
2.816
2.565
2.425
2.445
2.708
2.504
2.712
2.667
2.762
2.627
2.571
2.972
2.909
2.715
3.92
2.687
2.595
2.473
2.602
2.659
2.635
2.875
3.007
2.556
2.351
2.821
3.313
2.691
2.478
2.604
2.525
2.682
2.755
2.504
2.559
2.922
2.531
2.916
2.519
2.491
2.616
2.821
3.009
3.133
2.487
2.916
3.098
2.437
2.714
2.633
2.642
2.718
2.636
2.498
2.678
2.468
2.814
2.596
2.714
2.48
2.838
2.512
2.49
2.807
2.869
2.895
3.64
2.833
2.694
2.406
2.728
2.565
2.77
2.749
2.468
2.736
2.606
2.587
2.81
2.485
2.816
2.68
2.589
2.728
2.657
2.752
2.692
2.475
2.719
2.659
2.649
2.709
2.469
2.65
2.534
2.622
2.709
2.7
2.948
2.415
2.642
2.877
2.923
2.899
2.773
3.118
3.45
2.601
2.401
2.476
2.622
2.422
2.535
2.601
2.67
2.39
2.8
2.571
2.721
2.489
2.505
2.866
2.535
2.711
2.726
2.889
4.632
2.654
2.615
2.941
2.642
2.935
2.637
2.755
2.952
2.855
2.737
3.185
2.465
2.797
2.474
2.708
2.655
2.593
2.457
2.45
2.455
2.43
2.601
2.61
2.626
2.736
2.633
2.804
2.803
2.701
2.608
2.657
2.626
2.67
2.885
2.668
2.551
2.628
2.371
3.153
2.685
2.566
3.457
2.412
2.629
2.675
2.991
2.502
2.753
2.548
2.583
2.515
2.969
2.856
2.538
2.559
2.663
2.765
2.523
2.617
2.415
2.552
3.087
2.744
2.722
2.49
2.676
2.714
2.856
2.543
2.597
2.709
2.874
2.608
3.716
2.943
2.402
2.52
2.371
2.856
2.748
2.54
2.52
2.571
2.563
3.032
2.515
2.963
2.649
2.714
2.567
2.564
2.599
2.481
2.781
2.643
2.66
2.947
2.577
2.905
2.534
2.735
3.973
2.589
3.498
2.839
2.769
2.438
2.513
2.603
2.543
2.511
2.668
2.555
3.927
2.847
2.445
2.577
2.573
2.696
2.622
2.48
2.409
2.55
2.525
2.613
2.59
2.787
2.738
2.894
2.481
2.524
2.956
2.647
2.744
2.953
2.338
2.79
4.338
2.845
3.594
2.441
2.594
2.63
2.947
2.79
2.588
2.774
2.77
2.761
2.833
2.718
2.733
2.418
2.771
2.627
2.788
2.461
2.746
3.067
2.473
2.669
2.849
2.797
2.448
2.519
2.741
2.848
2.421
2.56
2.535
2.459
2.49
2.473
2.671
2.892
2.554
2.424
2.632
2.612
2.768
2.827
2.578
2.847
2.803
2.717
2.464
2.493
2.954
2.554
2.553
2.886
2.451
2.701
3.131
2.664
2.708
2.335
2.567
2.755
2.833
2.668
2.753
2.567
2.88
2.882
2.715
2.557
2.709
2.483
2.456
2.719
2.735
3.11
2.652
2.613
2.556
2.79
2.608
2.399
2.552
2.981
3.121
2.816
2.919
2.821
2.708
2.689
2.778
2.468
2.687
2.79
2.581
2.962
2.849
2.672
2.573
2.488
2.803
2.758
2.74
2.611
2.876
2.625
2.687
2.64
2.774
2.51
2.473
2.405
2.644
2.527
2.563
2.472
2.606
2.606
2.686
2.611
2.648
2.465
2.941
2.545
2.424
2.723
2.683
2.54
2.796
2.752
2.838
2.687
2.647
2.649
2.801
6.521
2.507
2.753
2.419
2.836
2.449
2.987
2.465
2.485
2.8
3.616
2.804
2.599
2.606
2.569
2.578
2.486
2.855
2.392
2.556
2.549
2.677
2.49
2.396
2.46
2.385
2.567
2.707
2.957
2.416
2.608
2.686
2.822
2.543
2.526
2.58
2.75
3.092
2.738
2.962
2.624
2.539
2.504
2.556
3.065
2.715
2.833
2.722
2.378
2.603
2.447
2.929
2.629
2.681
2.758
2.601
2.855
2.625
2.514
2.504
2.673
2.852
2.743
3.027
2.695
2.418
2.699
2.817
2.689
2.453
2.497
2.515
2.389
3.845
2.654
2.546
3.025
2.991
2.513
2.443
2.756
3.767
2.317
2.991
2.948
2.487
2.446
2.815
2.547
4.138
2.647
2.565
2.388
2.569
2.539
2.394
2.638
2.76
2.622
5.561
2.879
2.566
2.773
2.471
2.619
3.105
2.498
2.507
2.775
2.846
2.699
2.958
2.716
2.803
2.758
2.516
3.381
2.603
2.71
4.228
2.618
2.817
2.448
4.311
2.509
3.973
2.902
2.726
2.535
2.671
3.139
2.436
2.967
2.609
2.966
2.565
3.727
2.529
4.221
2.28
2.632
2.667
2.697
2.53
2.454
2.681
2.577
2.93
2.81
2.476
2.408
2.835
3.004
2.774
2.913
2.588
