SETUP = dtls
ITERATIONS = 1000
DTLS_CIPHER = ECDHE-ECDSA-AES128-GCM-SHA256
DTLS_VERSION = TLS1.2

Results: n=844 mean=6.004-0.982 stdev=±0.857 99%conf=±0.076
6.209
6.029
6.047
5.769
5.487
6.034
6.234
5.226
5.929
5.744
5.379
6.178
5.429
5.786
5.89
5.81
5.841
5.73
5.45
5.769
5.577
5.622
5.748
5.848
6.011
5.951
6.033
5.54
6.474
6.279
5.608
5.832
6.386
5.668
5.727
6.292
5.712
6.219
6.595
5.622
5.462
5.256
6.57
5.706
5.641
5.374
5.801
5.351
5.737
5.508
6.115
6.036
5.742
6.135
5.991
6.154
5.821
6.463
5.965
5.904
5.443
5.943
6.084
5.736
6.04
5.72
5.914
5.675
5.641
9.601
5.56
5.568
5.298
5.555
6.036
5.723
6.279
5.681
5.864
5.281
5.74
5.799
5.436
5.892
6.677
5.778
6.24
6.497
5.662
5.51
5.858
5.763
5.972
6.065
6.16
5.863
5.8
5.492
5.49
5.785
5.734
5.913
5.749
5.493
6.273
5.688
5.313
6.026
6.116
6.35
5.651
5.846
5.97
5.629
5.933
6.112
5.704
5.706
6.074
6.575
5.924
5.619
5.884
6.915
6.298
6.196
6.262
6.053
6.213
5.238
6.175
5.575
5.927
6.61
6.192
5.873
6.266
5.375
5.631
5.84
5.813
6.036
5.707
5.736
6.046
5.432
6.127
5.996
6.27
5.605
6.036
5.884
5.813
5.986
6.371
6.182
5.507
6.368
5.742
5.593
6.177
5.652
6.038
5.608
6.187
6.394
5.962
9.048
6.127
5.797
5.708
5.785
5.735
6.106
6.097
5.922
5.824
9.103
5.78
6.666
6.331
5.58
6.36
6.154
5.717
6.198
5.62
5.892
5.957
5.514
5.967
5.636
8.823
5.437
6.347
7.869
5.666
5.845
5.83
5.589
5.554
5.588
5.966
5.893
5.752
5.821
6.242
5.573
5.596
6.009
6.237
6.184
5.733
5.98
5.885
5.567
5.507
5.744
6.064
6.226
6.042
5.612
6.175
5.806
5.651
5.47
6.471
5.609
5.581
5.68
6.119
5.556
6.507
6.226
5.4
6.278
6.038
5.912
6.326
5.518
5.506
5.753
5.935
6.145
6.13
5.952
6.126
5.944
5.623
6.082
5.52
5.998
6.265
6.555
6.033
6.088
5.786
5.948
5.653
6.174
5.92
5.361
6.051
6.05
5.819
5.891
5.854
5.307
5.755
6.369
5.85
6.362
6.095
5.853
5.814
6.063
5.614
6.255
6.023
5.919
6.056
6.148
5.518
6.483
5.824
6.16
6.198
6.432
6.45
5.847
6.925
5.825
5.818
6.127
5.74
5.988
5.501
6.724
6.104
5.759
5.452
5.383
6.095
5.984
5.466
6.233
6.148
5.279
5.903
6.687
6.252
6.007
5.991
6.541
5.706
5.963
5.906
6.382
6.391
5.74
6.211
5.998
5.919
5.831
7.346
5.83
5.74
5.578
5.492
6.321
6.468
5.521
5.924
5.377
5.647
5.718
5.822
5.833
5.819
5.912
5.563
6.318
5.701
5.657
6.344
5.977
5.811
6.042
5.821
5.402
6.798
6.401
5.614
5.126
6.021
5.7
6.101
6.251
5.89
5.782
5.936
5.8
5.991
5.885
6.078
6.289
5.389
5.767
5.641
5.544
5.866
6.323
5.856
6.44
5.63
6.113
5.504
5.53
5.445
5.68
6.043
6.784
6.205
7.745
6.348
6.111
5.537
6.05
6.172
5.943
6.229
5.881
6.144
6.13
5.827
6.912
6.057
6.135
5.899
9.419
6.246
6.18
5.656
5.846
5.563
6.245
6.219
8.025
6.347
6.225
5.964
6.024
5.793
6.642
5.429
7.285
5.542
6.011
6.024
6.011
5.996
6.423
6.085
5.368
5.843
6.035
6.579
6.037
8.675
5.622
6.14
5.718
9.196
5.819
6.236
5.951
5.756
6.172
5.279
5.69
5.198
5.754
5.666
5.952
5.471
5.68
5.862
5.144
5.953
5.306
6.303
5.508
5.367
5.772
6.016
6.28
6.554
5.584
6.286
6.259
6.632
5.773
5.732
8.142
6.203
5.711
5.942
5.942
6.218
5.634
6.104
5.639
5.946
6.34
6.506
5.519
5.406
5.724
6.19
5.785
5.216
6.909
6.117
5.887
5.628
6.27
6.924
6.099
6.249
5.911
5.67
5.981
5.907
5.591
7.676
5.574
5.792
6.304
5.711
5.949
6.507
5.331
5.904
6.279
6.313
5.56
5.463
5.77
5.791
5.975
8.751
5.496
5.61
5.927
5.693
9.026
5.855
5.996
5.823
5.965
6.462
5.111
5.741
5.584
5.544
5.481
5.659
6.356
5.773
6.133
5.676
6.0
5.341
6.122
5.67
5.686
6.237
6.089
5.601
5.546
5.73
6.302
5.886
5.699
6.161
5.988
5.829
5.473
6.436
5.938
6.173
6.388
5.627
5.497
5.342
5.815
5.811
5.772
5.327
5.558
5.902
5.642
5.845
5.526
5.656
6.127
6.004
6.562
6.104
5.924
5.717
6.349
5.839
6.308
5.948
6.744
6.046
6.134
6.171
6.114
5.478
6.207
6.574
5.737
6.598
6.019
8.362
5.689
5.604
8.057
5.49
5.656
6.065
5.98
5.631
6.209
5.372
6.098
6.201
6.633
6.529
5.299
5.945
5.568
5.796
5.388
5.922
5.867
5.335
5.393
5.915
5.669
7.534
6.223
5.999
5.809
5.518
6.135
6.176
5.668
6.216
5.826
5.73
5.557
5.866
5.693
5.897
5.388
5.761
5.793
6.496
6.025
5.667
5.705
5.316
6.317
6.158
5.591
5.475
5.661
6.331
6.409
6.284
5.775
5.643
5.963
6.24
5.752
6.481
6.371
5.747
6.424
6.021
6.236
5.673
5.617
5.85
5.819
6.477
5.737
5.862
6.037
6.164
5.674
5.678
5.951
5.862
6.001
5.569
5.636
5.59
6.495
5.408
6.045
9.248
5.324
5.386
5.399
5.342
5.679
7.82
5.617
6.13
5.608
5.989
6.638
6.071
6.218
5.645
5.995
5.49
6.366
5.463
6.371
5.661
5.491
5.473
6.358
5.475
5.791
6.005
5.972
5.543
5.918
5.744
5.599
6.312
5.527
6.223
5.373
5.792
5.425
5.555
6.521
5.878
6.336
5.737
6.761
5.73
5.536
6.426
5.916
6.187
5.612
6.128
5.624
6.145
6.186
5.627
5.677
5.612
5.773
5.458
6.022
6.074
5.984
6.288
5.618
5.988
6.711
5.456
5.748
6.359
5.605
6.072
6.106
5.973
5.691
8.565
6.615
6.281
5.605
5.266
5.99
5.415
5.838
5.791
5.792
6.125
5.314
5.211
6.177
6.113
5.987
5.762
5.663
5.563
5.836
6.648
5.859
5.791
6.234
6.306
5.7
5.936
6.23
5.931
5.403
5.962
6.199
5.597
5.856
5.737
5.585
6.08
5.884
5.298
6.203
5.806
6.018
5.443
6.563
5.236
6.193
6.364
5.926
5.436
5.921
5.877
5.978
6.047
5.83
6.387
8.495
5.549
6.478
9.072
24.797
5.667
5.869
5.694
6.232
6.182
6.235
5.437
5.463
6.249
5.557
6.596
5.999
5.824
5.562
8.926
5.362
7.367
5.55
5.761
5.701
5.889
6.403
6.016
5.846
6.517
6.744
6.008
5.924
6.152
6.033
5.546
5.802
5.988
5.859
5.785
6.129
