SETUP = dtls
ITERATIONS = 1000
DTLS_CIPHER = DHE-RSA-AES128-GCM-SHA256
DTLS_VERSION = TLS1.2

Results: n=885 mean=5.948-0.982 stdev=±0.630 99%conf=±0.055
5.8
5.54
5.577
5.707
5.8
5.635
5.479
6.293
5.428
5.592
5.327
5.36
5.645
5.312
6.211
5.829
5.527
5.597
5.856
6.486
5.668
5.686
5.966
5.828
5.831
5.973
5.749
5.861
10.04
6.012
5.556
5.944
6.087
5.762
5.563
5.966
5.651
5.873
5.798
5.408
5.856
8.262
6.513
5.801
5.928
5.781
6.234
4.982
5.767
6.276
5.597
5.919
5.461
5.366
5.895
5.446
5.844
5.739
6.565
5.396
5.328
6.289
6.217
5.704
5.553
5.63
6.538
5.464
5.983
6.227
5.135
6.29
5.93
5.695
5.542
5.485
5.816
5.689
5.751
6.081
5.534
6.637
5.675
5.976
5.196
5.934
5.661
5.931
5.566
5.325
5.863
5.68
5.917
5.707
5.85
5.702
5.616
5.248
5.769
5.551
5.772
5.777
5.116
5.751
5.758
5.736
5.712
6.147
5.954
5.614
5.966
5.248
5.694
6.332
6.109
5.93
6.121
5.955
5.621
5.927
5.533
5.602
5.443
8.563
5.727
6.015
5.874
5.592
6.292
5.924
5.922
6.411
5.862
6.003
9.523
5.585
5.764
6.101
5.801
6.189
6.369
5.883
6.244
5.37
6.239
5.41
6.504
5.963
6.643
6.191
5.671
5.643
6.294
6.134
5.987
5.407
5.531
5.607
5.807
5.683
5.387
5.765
5.907
6.616
6.032
6.234
5.46
5.967
6.573
6.163
5.81
6.415
6.037
5.886
5.521
6.001
6.762
6.322
5.457
5.653
5.51
6.083
5.408
6.392
6.578
5.956
6.542
5.472
6.044
5.927
5.895
5.384
5.903
5.806
6.069
5.575
6.209
6.196
5.781
5.755
5.372
6.082
5.945
5.855
5.654
5.861
6.062
5.448
10.588
6.089
7.571
5.723
5.83
5.578
6.158
5.638
5.351
6.213
5.507
5.643
5.762
6.281
5.882
5.682
6.646
6.091
5.564
5.485
8.458
5.977
6.84
5.999
6.188
5.727
6.126
5.924
6.362
6.107
6.079
5.125
5.239
7.855
5.737
6.31
5.68
6.779
5.66
5.687
6.466
5.744
5.812
5.984
6.099
5.753
5.438
9.893
6.051
5.461
5.82
5.82
6.399
5.995
5.496
5.809
5.671
5.681
5.614
5.89
5.701
6.402
6.106
5.718
6.695
5.942
5.633
5.526
6.106
5.725
6.153
6.293
6.069
5.731
5.544
6.099
5.818
6.08
5.932
8.969
6.381
5.487
5.446
5.921
5.655
6.37
6.118
5.633
6.168
6.777
6.422
6.162
6.15
6.87
6.474
5.447
5.495
5.659
5.656
5.487
5.759
5.774
5.81
5.736
5.607
5.905
5.708
8.848
5.922
5.712
5.927
6.195
6.006
5.712
6.187
6.061
5.64
5.847
5.674
5.937
6.326
6.096
5.536
5.874
5.747
5.909
7.543
5.396
5.776
5.992
6.504
5.644
6.409
5.803
5.9
5.438
5.564
5.59
5.975
5.791
5.574
5.915
5.463
5.765
5.876
5.831
5.779
5.714
6.186
6.571
6.422
6.232
6.579
5.491
5.936
5.972
5.853
5.549
5.75
5.776
5.964
6.083
6.085
5.499
5.728
5.885
5.807
5.726
6.382
5.892
5.562
6.547
5.68
5.946
5.701
6.184
5.628
5.731
6.33
5.255
5.998
5.629
8.069
5.769
5.309
6.539
5.988
5.527
5.669
5.888
5.486
6.053
6.505
6.06
6.066
5.88
5.71
6.03
5.593
5.227
5.589
6.1
6.391
6.279
5.507
5.763
5.119
5.415
5.319
5.83
5.882
5.205
5.865
5.693
5.681
5.671
5.766
8.03
6.01
5.41
6.312
5.524
5.553
5.429
6.729
5.816
5.835
5.97
9.342
5.741
5.961
5.681
6.194
6.665
5.77
5.633
5.142
5.811
5.811
6.476
6.024
5.455
5.626
5.894
5.7
5.752
6.001
6.432
5.736
5.402
6.077
6.012
5.76
5.617
5.89
5.755
6.803
5.821
6.737
6.168
5.509
5.776
5.636
5.407
5.703
6.036
5.543
6.559
5.613
5.634
6.162
6.323
5.829
5.951
6.074
5.923
6.422
5.225
6.756
5.516
6.077
5.811
7.622
5.91
5.716
5.71
9.331
6.287
5.769
6.067
5.92
5.194
5.769
5.563
5.587
6.642
5.815
5.921
5.505
5.867
6.321
5.404
5.414
5.898
6.129
5.885
6.536
6.0
6.047
6.321
5.72
6.581
6.468
5.727
6.012
5.836
5.827
5.369
6.245
5.801
6.919
5.796
6.288
6.757
6.269
5.889
6.161
5.629
5.775
6.007
5.638
5.977
5.144
5.456
5.625
6.016
6.171
5.372
6.004
5.912
6.157
5.921
6.2
6.346
5.755
6.335
6.328
5.649
5.719
5.605
5.399
5.849
6.656
6.061
6.325
6.076
5.911
6.11
5.784
6.191
5.974
5.321
5.352
6.192
7.119
5.4
5.424
5.839
5.783
5.982
5.99
5.406
5.661
5.829
5.785
5.654
5.283
5.871
5.892
6.33
5.502
5.761
5.623
6.667
5.626
6.208
5.947
8.755
5.519
5.7
5.404
5.596
6.163
6.049
5.427
5.384
5.887
6.405
6.297
5.409
6.63
6.77
5.645
6.463
5.171
5.194
5.681
5.651
6.396
6.203
5.45
6.281
5.671
9.78
5.802
5.789
5.464
7.975
6.274
6.42
6.041
6.078
6.066
6.874
5.563
6.525
5.422
5.6
5.642
5.115
5.754
6.037
6.0
6.178
5.616
5.516
6.459
5.513
5.638
5.7
6.365
6.122
5.991
5.812
5.81
5.92
5.997
6.182
5.631
6.109
6.244
6.094
6.726
5.613
5.655
5.212
5.206
6.061
5.899
5.845
5.516
7.223
5.366
5.85
5.971
5.596
5.692
6.547
8.83
5.808
5.891
5.939
5.902
5.689
5.659
6.147
5.629
5.815
5.281
5.587
5.517
6.138
5.924
5.957
5.832
5.737
6.227
5.887
5.658
5.352
5.902
5.864
5.401
5.916
5.382
5.85
5.964
6.052
6.165
5.996
5.293
5.742
6.529
5.39
5.489
5.41
5.411
5.564
5.381
5.618
6.098
6.582
6.004
5.568
5.506
6.047
5.62
5.602
5.622
5.359
5.418
5.779
5.67
6.885
6.356
5.626
5.84
5.442
5.881
5.352
5.718
5.98
6.119
5.501
5.563
5.609
5.585
5.505
5.788
6.294
5.315
5.733
5.416
6.039
5.067
6.416
6.009
5.742
5.237
5.978
5.618
6.097
5.991
5.405
5.167
5.727
6.109
5.84
5.477
5.774
6.119
5.45
9.256
5.633
8.265
5.712
5.782
5.856
5.763
6.235
5.564
8.961
5.799
8.785
5.94
5.743
6.339
6.129
5.756
5.686
5.578
6.745
5.698
5.571
5.772
5.597
5.541
6.25
5.245
5.407
5.993
5.344
5.778
6.198
5.943
6.395
6.07
5.842
5.344
5.282
5.472
6.146
5.636
5.76
5.871
6.595
5.43
5.826
6.548
5.354
5.487
5.782
5.97
5.914
6.1
6.155
5.76
5.666
5.749
5.82
6.112
5.38
5.776
5.86
5.425
5.565
5.859
5.625
5.844
5.585
5.931
5.476
5.725
6.114
6.888
6.346
5.972
6.414
8.977
5.91
5.713
6.122
5.59
6.301
5.555
5.941
5.513
5.776
8.225
5.446
5.932
5.815
5.409
5.889
5.685
5.909
5.59
6.371
6.175
5.856
5.537
5.761
5.441
5.457
5.761
8.409
6.086
5.186
5.926
6.161
5.609
5.688
5.625
5.706
6.13
6.039
6.547
