SETUP = dtls
ITERATIONS = 1000
DTLS_CIPHER = ECDHE-RSA-AES128-GCM-SHA256
DTLS_VERSION = TLS1.2

Results: n=856 mean=6.122-0.982 stdev=±0.665 99%conf=±0.059
5.882
6.224
6.473
6.435
5.389
5.732
6.17
7.582
5.635
5.856
5.764
5.735
5.546
5.946
5.6
5.818
5.978
5.496
7.105
5.87
6.273
5.507
6.03
5.862
6.81
7.138
5.434
6.457
6.351
5.927
5.54
5.724
6.305
6.175
5.769
5.759
5.532
5.519
7.009
6.114
6.476
6.483
5.902
6.003
5.506
6.464
6.35
6.479
6.095
6.39
6.598
6.257
8.238
6.844
5.615
6.366
5.696
6.075
6.053
6.366
6.073
6.801
6.016
5.97
6.527
7.97
5.987
6.638
6.728
5.636
6.254
6.913
6.177
5.827
6.385
5.666
6.401
5.814
5.91
6.786
5.888
6.189
6.719
6.056
7.089
5.729
5.715
6.784
6.607
6.4
6.93
5.826
7.529
6.253
6.299
6.075
6.013
6.14
6.161
5.603
5.86
5.913
6.22
5.48
5.442
6.67
6.409
5.708
5.439
5.142
5.545
5.535
5.666
5.849
5.235
5.537
5.9
5.225
5.605
5.762
5.875
5.538
5.438
5.806
6.841
5.57
6.515
5.639
6.223
5.856
5.631
6.31
5.665
7.388
6.794
5.713
5.578
6.235
6.208
7.438
6.638
7.462
7.441
5.675
6.049
6.934
7.093
7.189
6.269
5.843
5.494
6.821
7.614
5.963
6.34
6.548
6.394
6.323
5.609
5.304
6.488
6.602
6.693
7.982
5.874
5.994
6.385
6.092
5.461
5.767
6.011
6.565
8.079
6.317
9.0
6.74
5.544
6.883
5.856
6.806
6.666
6.345
5.855
6.482
6.05
6.363
5.621
6.199
5.399
6.224
5.883
5.725
5.743
5.761
5.593
6.103
6.216
6.616
6.636
6.656
6.334
5.504
6.186
5.704
5.909
5.853
6.389
8.259
6.296
6.114
5.84
6.114
5.66
5.888
5.761
6.319
6.353
6.371
6.994
5.688
5.908
6.447
6.632
6.355
6.46
6.687
5.971
6.499
5.937
6.108
6.042
6.484
5.836
5.987
5.746
6.712
7.588
7.159
6.281
8.902
7.259
6.142
6.62
6.188
6.386
6.456
5.938
6.674
6.102
6.116
7.185
5.903
6.159
7.683
6.656
6.31
6.055
5.988
6.012
6.039
6.196
5.794
8.428
5.337
6.485
6.069
6.25
5.58
5.672
6.308
6.175
5.977
5.32
5.793
6.393
5.935
6.68
5.971
5.856
6.145
6.089
6.186
5.857
6.443
5.909
6.178
5.78
5.871
6.383
5.858
5.734
5.638
9.288
6.191
5.852
5.514
6.167
5.611
6.686
5.751
5.657
5.802
6.355
5.855
5.858
6.183
5.857
5.804
6.093
5.979
5.847
6.668
6.272
5.943
6.563
5.465
5.736
6.078
5.615
6.086
5.762
5.882
6.156
5.825
6.12
5.594
5.917
5.945
6.3
5.748
5.904
5.407
5.577
5.871
5.392
6.291
5.861
5.709
5.924
5.551
5.755
5.914
5.974
6.427
6.179
5.709
6.039
5.63
6.314
5.35
5.761
6.198
5.893
5.507
5.449
6.532
5.846
5.805
5.6
5.753
7.825
6.418
5.847
6.151
5.194
6.616
6.187
5.411
6.49
5.532
5.479
6.115
6.25
5.712
6.002
5.67
5.604
6.52
5.821
6.405
5.786
5.872
6.164
5.693
6.009
6.57
6.472
6.174
6.056
5.627
5.947
5.547
6.077
5.867
6.038
5.919
5.323
5.832
5.626
5.429
6.021
5.495
5.957
6.217
5.934
6.93
5.806
5.839
5.634
6.079
5.743
5.839
6.383
5.954
5.608
5.413
5.851
6.565
6.169
6.413
5.808
6.145
6.751
7.019
5.317
5.366
6.453
5.633
5.819
5.555
6.341
5.501
5.946
5.929
5.971
5.968
5.948
5.622
5.647
6.494
6.19
5.612
8.062
5.843
6.477
5.743
6.219
6.28
5.929
8.98
5.692
6.358
5.855
5.471
6.434
5.867
6.158
5.33
5.512
5.557
5.918
5.645
9.19
6.573
9.08
5.281
7.245
5.458
6.534
6.564
5.762
6.293
6.115
5.605
6.292
6.152
6.123
5.688
5.521
6.193
6.392
5.568
5.947
5.87
6.057
5.426
6.385
5.585
9.133
6.141
5.574
5.744
5.572
6.16
6.254
6.207
6.412
6.362
6.095
6.405
6.374
6.473
5.172
5.653
6.131
6.167
6.6
5.832
5.871
6.224
6.155
5.85
6.302
6.159
5.182
6.097
5.768
5.761
6.236
5.69
5.956
5.509
5.813
6.017
5.539
5.514
6.392
5.521
6.093
7.081
5.143
5.888
5.747
5.724
6.2
5.955
5.693
5.82
5.736
5.939
5.956
6.047
6.241
5.713
5.858
5.742
6.453
6.051
6.31
5.266
6.426
6.184
6.111
5.876
6.511
5.64
5.18
5.7
6.069
5.825
5.297
8.871
5.768
5.61
5.721
5.3
5.449
5.654
6.097
6.929
6.643
5.481
8.486
5.78
5.439
5.939
5.789
6.559
6.385
5.906
5.57
5.706
6.614
5.68
5.774
5.519
6.008
5.991
6.873
5.992
7.976
5.329
5.2
5.547
5.82
5.964
5.59
6.358
5.799
6.339
5.718
5.627
5.686
5.888
6.233
5.748
6.433
5.803
6.313
6.9
5.849
5.47
6.013
6.284
5.94
5.398
5.48
8.139
5.739
6.241
5.719
5.555
5.531
6.635
6.13
5.717
5.559
5.594
9.208
6.419
6.702
5.629
5.794
6.56
5.633
5.911
5.781
5.901
5.74
5.979
5.567
6.19
6.127
6.12
6.662
6.044
5.755
6.104
6.19
6.113
6.098
5.859
6.325
6.422
5.729
5.646
5.784
6.342
8.381
6.104
6.238
5.88
6.038
6.323
5.364
13.013
5.917
6.764
6.738
6.589
5.938
6.193
5.993
5.645
5.977
6.66
5.701
5.681
5.68
5.892
9.187
6.159
6.235
5.428
5.993
5.239
5.635
5.707
5.515
5.729
5.754
5.68
6.161
5.797
5.984
5.924
6.04
6.459
5.745
6.09
5.243
5.794
5.84
5.456
6.289
5.528
5.523
6.015
5.925
5.611
6.376
6.429
5.727
5.55
6.299
5.506
6.15
5.566
5.825
6.656
6.01
8.297
6.183
6.273
5.794
5.513
5.605
6.081
6.373
6.554
6.001
6.613
5.513
5.708
5.842
5.713
5.431
6.019
6.055
5.98
6.017
7.075
6.396
5.822
6.544
6.577
6.647
5.818
6.348
5.789
6.106
6.49
5.893
5.706
6.009
5.535
5.972
6.303
5.86
5.762
6.495
6.875
5.554
9.119
5.936
5.431
5.986
5.952
6.451
6.554
5.452
8.837
5.929
6.049
5.64
6.672
6.253
6.426
6.164
6.426
6.026
6.413
6.461
6.71
6.491
5.619
6.782
6.612
6.09
5.946
6.232
6.047
5.675
6.042
6.115
5.901
5.986
5.479
5.405
5.568
6.623
5.199
5.969
5.948
5.612
5.918
5.847
5.54
5.793
5.443
5.993
6.61
6.142
6.347
6.353
6.026
6.233
6.118
6.529
6.353
5.539
5.965
6.47
6.178
6.297
5.345
5.783
6.135
6.332
6.538
5.958
5.311
5.857
5.771
6.061
6.605
6.132
6.24
5.531
6.331
6.081
5.991
5.816
6.183
5.929
6.022
6.604
5.91
5.879
6.361
8.647
5.752
8.11
5.594
7.332
5.834
