SETUP = ipsec
ITERATIONS = 1000
IPSEC_AUTH_METHOD = pubkey
IPSEC_IKE_CIPHER_SUITE = aes128gcm16-prfsha256-ecp256
IPSEC_ESP_CIPHER_SUITE = aes128gmac
IPSEC_START_ACTION = start

Results: n=1000 mean=4.746 stdev=±0.634 99%conf=±0.052
6.061
4.541
4.596
4.792
5.535
4.782
4.797
4.522
4.651
4.312
4.539
4.177
4.403
4.394
4.231
4.095
4.134
4.235
4.201
4.401
4.28
4.687
6.468
4.154
4.508
4.153
5.059
4.796
4.211
4.292
4.625
4.816
4.151
4.456
4.205
4.347
4.337
4.612
4.44
4.156
4.668
4.571
4.461
4.046
4.237
4.587
4.28
4.376
4.393
4.542
7.889
5.159
4.16
4.377
4.288
4.452
4.193
4.802
4.001
4.102
4.221
4.606
4.708
4.434
4.231
8.217
4.513
4.473
4.349
4.608
4.039
4.429
4.904
4.834
4.166
4.372
4.336
4.332
4.633
4.881
4.293
4.595
4.757
4.656
4.233
4.989
4.302
4.149
4.503
4.44
4.395
4.906
4.411
4.331
4.631
4.263
4.167
4.518
4.41
4.866
4.186
4.101
6.176
4.352
4.855
4.866
4.439
4.51
4.39
4.432
4.505
4.324
4.627
7.16
4.544
4.371
4.94
4.0
4.97
4.199
4.536
7.551
4.458
4.959
4.25
4.7
4.615
4.771
4.522
4.81
4.437
4.28
4.359
4.155
4.741
4.67
4.529
5.072
4.459
4.783
5.08
4.558
6.873
4.618
5.069
4.373
4.347
4.307
5.08
4.714
4.579
4.591
4.682
4.661
4.823
4.471
4.653
4.691
4.381
4.687
4.087
4.645
4.304
4.105
4.831
4.54
5.108
4.227
4.64
4.472
4.555
4.137
4.497
4.544
4.776
4.766
4.489
4.541
4.78
4.582
4.359
4.869
4.43
4.45
4.422
4.729
5.088
4.444
4.67
4.204
4.443
4.575
4.685
4.233
4.287
4.484
4.324
4.684
4.518
4.568
3.981
4.769
4.838
4.715
4.523
4.635
5.197
4.31
8.38
5.273
4.225
4.743
4.513
4.566
4.304
5.153
4.541
4.521
4.317
4.317
4.546
4.811
4.862
4.888
5.113
4.394
4.49
4.694
4.643
4.878
5.02
4.26
4.439
4.458
4.409
4.5
4.763
4.648
4.162
4.434
4.229
4.338
5.033
4.456
4.377
4.644
4.396
5.586
4.756
5.013
4.563
5.419
4.282
5.051
4.645
4.257
4.691
4.319
4.253
4.555
4.44
4.497
4.39
4.325
4.333
4.635
4.39
4.789
4.746
4.979
4.769
4.426
4.296
4.302
4.787
4.557
4.322
4.861
4.58
4.564
4.619
7.358
4.527
4.668
4.426
4.474
5.055
4.624
4.441
4.734
5.109
4.844
4.087
4.456
4.099
4.536
4.629
4.894
4.585
4.512
4.718
4.78
5.056
4.283
4.677
6.273
4.94
4.576
4.358
4.38
4.461
4.616
4.298
4.533
4.925
4.481
4.932
4.837
4.65
4.463
7.298
4.323
4.734
4.472
5.153
4.867
4.416
4.659
4.517
4.584
4.481
4.542
5.024
4.117
4.576
4.564
4.389
5.149
4.847
4.428
5.091
4.643
4.564
4.691
4.318
4.378
4.764
4.788
4.647
4.934
4.983
4.485
4.479
4.754
4.561
4.509
4.462
4.715
4.725
4.769
5.428
4.47
6.985
4.809
4.402
4.478
7.46
4.941
4.363
4.738
4.612
4.252
4.563
4.736
4.652
4.315
5.036
4.452
4.265
4.712
4.481
4.489
4.524
4.471
4.483
4.585
4.34
4.306
4.395
4.864
4.673
4.965
4.986
5.121
4.69
4.666
5.225
4.472
4.895
4.603
4.302
4.646
4.678
4.391
4.342
4.8
4.347
4.545
4.318
4.688
4.529
4.74
4.26
4.232
4.539
4.778
5.034
4.484
4.951
4.924
4.788
4.538
4.846
5.009
5.167
4.902
4.661
4.528
4.537
4.759
4.562
4.912
4.66
4.684
4.822
5.302
4.582
4.438
4.637
4.6
4.527
6.328
4.931
4.796
4.485
4.318
4.511
4.551
4.28
4.407
4.424
4.156
5.262
4.855
4.485
4.523
4.584
4.456
4.522
4.883
7.773
4.871
4.587
4.538
5.021
5.469
6.388
4.972
4.909
4.841
4.251
4.605
5.072
5.299
4.163
5.068
4.707
5.999
4.768
4.586
4.325
4.43
4.544
4.98
4.295
5.303
4.683
4.567
4.346
4.308
6.093
4.572
5.166
4.407
4.054
4.539
4.78
4.56
4.577
4.743
4.662
4.717
4.309
4.775
4.527
4.63
4.445
4.437
4.971
5.046
4.774
4.665
4.628
4.344
4.718
4.918
4.517
4.846
4.466
4.461
4.89
4.489
4.485
4.757
4.392
4.851
4.694
4.732
4.401
4.124
4.725
4.986
4.522
4.383
4.502
4.966
4.955
4.544
4.578
4.496
5.022
4.438
4.61
4.379
4.818
4.771
4.766
5.033
4.805
4.597
4.472
4.713
4.374
4.478
4.602
4.965
5.25
4.457
5.116
4.761
4.606
4.323
4.61
4.822
4.556
4.861
4.6
5.011
4.37
4.455
4.993
4.851
4.52
4.5
4.453
4.503
4.424
4.759
4.374
4.529
4.868
4.937
4.346
5.124
4.505
4.703
4.776
4.625
4.814
4.44
4.828
4.618
4.782
4.273
4.72
4.6
4.734
4.595
5.026
4.518
4.532
4.451
4.639
4.647
5.068
4.487
4.777
4.613
4.896
4.758
4.314
4.434
4.446
4.831
5.079
4.248
4.95
4.694
4.354
4.126
5.037
7.936
4.843
6.122
4.683
5.005
4.666
4.805
5.051
4.406
4.764
4.986
4.587
4.782
4.477
4.457
8.182
4.266
4.361
4.859
4.405
4.939
4.524
4.517
4.332
4.852
4.483
4.567
4.966
8.246
5.113
4.82
4.373
4.912
4.699
4.823
4.607
4.893
4.177
4.47
4.858
4.929
4.704
4.381
4.463
4.787
4.617
4.395
4.502
4.887
4.502
4.406
4.762
4.693
4.463
4.595
4.866
4.287
5.064
6.301
5.241
4.442
4.672
4.307
4.847
4.371
5.398
5.077
6.386
4.501
6.328
4.657
4.301
4.499
4.581
4.426
4.519
4.372
4.713
5.33
4.431
4.378
4.722
9.696
4.89
4.809
4.501
4.561
4.763
4.452
4.74
4.4
4.533
4.685
4.669
4.535
4.276
4.856
4.728
4.622
4.855
4.667
4.525
5.399
4.798
5.161
4.401
4.765
7.994
4.716
4.358
4.479
4.617
4.575
4.355
4.699
4.377
5.801
4.549
8.402
4.585
4.622
4.456
5.013
4.694
4.361
4.639
4.556
4.712
4.693
4.727
4.71
4.391
4.548
4.669
4.558
4.835
4.527
4.85
5.253
5.023
4.807
5.252
4.633
4.848
4.293
4.306
4.515
4.976
4.862
4.665
4.867
4.595
4.381
4.81
4.802
5.103
4.354
5.088
4.462
4.447
4.863
7.463
4.783
5.574
4.562
4.919
4.501
4.396
4.831
4.687
4.663
4.682
4.454
4.573
4.505
4.183
4.952
4.431
4.837
4.818
4.372
4.72
4.878
4.278
4.332
4.994
5.174
4.58
4.669
5.498
4.714
4.808
5.152
4.754
4.618
4.876
5.835
4.238
4.452
4.579
4.405
4.564
5.136
4.631
4.79
4.338
4.538
4.9
4.675
4.501
4.813
4.567
4.719
4.635
4.402
4.528
4.529
4.78
4.929
5.298
4.564
4.654
4.972
4.554
5.024
4.702
4.448
4.551
4.238
4.575
4.987
4.38
4.665
4.563
4.706
4.661
6.537
4.621
7.878
5.003
4.289
4.564
4.603
4.573
8.098
5.001
11.111
4.561
4.471
4.923
5.042
5.007
4.535
4.882
4.542
4.691
4.542
5.729
4.951
5.091
4.342
4.517
4.834
5.071
4.383
4.484
4.484
4.712
4.905
4.261
4.977
4.589
4.718
4.725
7.104
4.622
7.809
4.381
4.551
4.48
4.821
4.165
4.404
4.947
4.318
4.756
5.048
4.833
4.593
4.378
4.697
4.945
4.459
5.127
4.508
4.697
4.362
4.792
4.463
5.165
6.103
4.91
6.866
4.586
4.867
4.734
4.534
4.434
7.157
4.914
7.495
4.003
5.188
4.498
5.264
4.465
4.571
5.238
4.774
4.738
4.743
4.646
4.953
4.854
4.541
4.938
5.272
4.615
4.59
4.677
4.332
4.457
4.388
4.449
4.446
4.806
4.491
4.625
4.671
4.359
4.627
4.864
4.251
4.955
4.519
4.717
4.861
4.862
4.578
4.771
4.934
4.579
4.461
4.992
4.678
5.287
4.974
6.922
5.216
5.15
5.079
5.044
5.248
4.649
4.561
4.887
4.71
5.644
4.802
5.426
5.142
4.631
4.489
4.551
5.257
4.344
6.521
4.557
4.998
