SETUP = ipsec
ITERATIONS = 1000
IPSEC_AUTH_METHOD = pubkey
IPSEC_IKE_CIPHER_SUITE = aes128gcm16-prfsha256-ecp256
IPSEC_ESP_CIPHER_SUITE = aes128-sha2_256
IPSEC_START_ACTION = start

Results: n=1000 mean=4.647 stdev=±0.571 99%conf=±0.047
5.212
4.189
4.702
4.423
4.615
4.158
5.016
4.317
4.406
4.656
3.986
4.192
4.669
4.117
5.184
4.321
4.728
4.223
4.685
4.75
4.528
4.038
4.633
4.121
4.284
4.381
4.79
4.447
4.142
4.835
4.233
4.195
6.852
4.699
6.989
4.671
6.335
4.07
4.311
4.462
4.709
4.293
4.266
3.984
4.508
4.719
4.01
4.406
4.568
5.053
4.493
4.683
4.765
4.413
4.879
4.754
4.793
4.45
4.302
4.434
4.538
4.786
4.69
4.279
4.538
4.263
4.762
4.325
4.833
5.018
4.28
4.174
4.478
4.334
7.051
4.198
4.325
4.274
4.545
4.187
6.55
4.356
4.236
4.532
4.833
4.238
4.384
4.791
4.49
4.28
4.53
4.139
4.039
4.798
4.395
4.647
4.43
4.261
4.304
4.415
4.713
5.506
4.377
4.641
4.712
4.814
5.008
4.385
4.764
3.976
4.256
4.542
4.234
4.315
3.895
4.638
4.438
4.723
4.73
4.603
4.406
4.444
4.145
4.311
4.163
4.687
4.461
4.071
4.614
4.168
4.426
4.43
4.24
4.513
4.206
4.882
4.428
4.436
4.367
4.434
4.4
7.537
4.474
4.585
4.804
4.329
4.194
5.793
4.318
4.3
4.271
7.06
4.284
4.468
4.516
4.45
4.236
4.387
4.672
4.447
4.763
4.18
4.273
4.254
4.444
4.539
4.231
4.661
4.561
5.091
4.525
4.644
4.804
4.573
4.356
4.456
4.361
4.593
4.192
4.22
4.763
4.592
4.864
4.324
4.856
4.274
4.358
4.458
4.306
4.301
4.043
4.27
6.815
4.623
4.605
4.691
4.009
4.704
5.225
4.826
4.532
4.423
4.389
4.331
4.634
5.994
4.366
4.574
4.468
4.192
4.215
4.494
4.374
4.79
4.186
5.094
4.833
4.538
4.25
4.499
4.626
4.577
4.604
4.524
4.416
4.491
4.194
4.463
4.641
4.748
4.372
4.556
4.195
3.677
4.167
4.273
4.615
5.084
4.97
4.6
4.698
4.121
8.103
4.267
4.516
4.337
4.48
4.732
4.234
4.4
4.347
4.488
5.569
4.108
4.485
4.597
4.564
4.66
4.188
4.604
4.265
4.783
4.831
4.605
4.946
4.213
5.107
5.225
4.266
4.596
4.209
4.5
4.787
5.218
4.618
4.898
4.593
4.438
4.331
4.231
4.75
4.689
6.963
4.508
7.867
4.91
4.206
4.441
4.437
4.709
4.217
4.403
4.34
4.679
4.196
4.735
4.972
4.624
5.272
4.252
4.97
4.779
4.469
4.218
4.351
4.087
4.501
6.516
4.703
4.916
4.651
4.903
4.904
4.384
4.467
4.315
4.243
5.213
4.369
4.805
4.635
4.694
4.132
4.809
4.509
4.381
4.631
4.728
4.639
4.519
4.647
3.862
4.993
4.477
5.053
4.078
4.501
4.526
5.014
4.629
4.507
4.109
4.346
4.496
4.381
4.425
4.491
4.7
4.386
4.32
4.498
4.544
4.532
4.678
4.389
4.433
4.665
4.575
4.82
4.595
4.667
4.274
4.56
4.601
4.541
4.697
4.538
4.92
4.615
4.373
4.577
4.537
4.499
5.244
4.627
4.817
4.898
4.376
4.595
7.063
4.95
4.561
4.806
6.944
4.913
4.969
4.542
4.661
4.954
4.235
5.223
4.424
4.331
4.131
4.514
4.002
4.736
5.141
4.675
4.501
4.407
4.425
7.229
4.332
4.743
4.282
4.52
4.358
6.544
4.217
4.398
4.335
4.028
4.27
4.239
4.456
4.181
4.883
4.044
4.552
4.68
4.763
4.806
4.663
4.902
6.978
4.459
4.914
3.945
4.518
4.464
4.368
4.432
4.509
5.002
4.709
4.84
4.463
4.538
4.556
4.51
4.277
4.564
4.703
5.0
4.78
4.885
4.716
4.438
4.628
4.426
4.724
4.404
4.61
4.373
4.526
4.46
4.934
4.73
5.252
5.114
3.964
4.624
4.815
4.496
4.321
5.06
4.93
6.204
4.296
4.57
4.357
4.202
4.496
5.021
4.399
4.17
4.219
4.756
4.263
4.624
4.462
4.814
4.764
4.541
4.17
4.709
4.609
4.609
5.053
5.079
4.594
4.367
4.848
4.886
4.609
4.755
4.421
4.709
5.226
4.589
4.871
4.188
5.501
4.008
4.72
4.749
4.026
4.095
4.805
4.426
4.385
4.297
4.783
4.794
4.957
4.73
4.488
5.009
4.202
6.724
4.162
4.116
5.072
4.446
4.57
4.626
4.188
4.773
4.692
4.488
4.287
4.354
8.2
4.697
4.362
4.671
4.889
4.305
4.524
4.647
4.166
4.525
4.472
4.736
4.357
4.263
4.3
4.355
4.78
4.596
4.194
4.318
4.972
4.429
4.584
4.263
4.764
5.641
4.846
4.987
5.034
4.801
4.783
4.313
4.58
4.95
4.705
5.026
5.08
4.027
4.835
4.531
4.777
4.357
4.199
4.933
4.615
4.42
4.639
4.879
4.357
5.247
4.244
3.947
4.598
4.465
4.408
4.623
4.804
5.172
4.312
4.167
4.175
5.922
5.169
4.639
4.832
4.146
4.986
4.315
4.125
4.696
3.938
4.468
5.108
4.809
4.377
4.752
4.679
4.915
4.574
4.028
4.773
4.215
4.566
4.555
4.382
4.982
4.77
4.441
4.304
4.498
4.511
4.79
4.661
4.485
4.446
4.558
4.463
4.336
4.88
4.813
4.743
5.109
4.53
4.612
4.269
4.901
4.713
4.326
4.86
4.221
4.25
4.643
4.277
4.968
4.471
4.585
4.593
4.912
4.731
4.231
4.57
4.662
4.522
4.552
5.031
4.49
4.276
4.941
4.684
4.941
4.772
6.176
4.619
7.657
4.589
4.602
4.226
4.662
4.76
4.372
4.435
4.178
4.453
4.583
4.766
4.529
4.411
4.571
6.382
4.509
7.079
5.027
4.498
4.712
4.895
4.498
4.479
4.26
4.23
4.238
4.543
4.291
4.993
4.274
4.644
4.758
4.367
4.782
4.766
4.803
4.77
5.107
4.466
4.394
4.495
4.84
4.597
4.534
5.176
4.363
4.603
4.098
4.326
4.816
4.217
4.6
4.455
4.165
4.761
4.206
4.626
4.718
4.341
4.485
4.03
4.782
4.824
3.965
4.001
4.47
4.757
4.704
4.413
9.476
5.088
3.986
4.013
4.508
5.325
4.508
4.499
4.669
4.279
4.086
4.079
4.481
4.412
4.838
4.603
4.28
4.792
5.027
4.749
4.408
4.676
4.681
4.904
5.051
4.485
4.173
4.227
4.491
4.788
5.05
4.478
4.241
4.428
4.64
5.201
4.168
4.609
4.97
4.559
4.544
4.966
4.696
4.48
4.264
4.489
4.879
4.788
4.318
4.755
5.066
4.719
5.206
4.319
4.621
4.199
4.419
4.149
4.505
4.5
4.753
7.262
4.97
4.563
4.655
4.587
4.771
5.375
4.394
4.657
4.68
4.128
4.668
4.404
4.604
4.65
5.122
4.672
7.353
4.455
7.294
4.639
5.034
4.58
4.168
4.805
4.549
4.561
4.649
4.757
4.749
4.579
4.661
5.104
4.547
4.729
4.588
4.494
4.762
4.178
4.438
4.618
4.639
4.636
4.676
4.535
4.476
4.656
4.53
4.26
4.603
4.184
8.636
4.535
4.226
4.527
4.58
4.535
5.035
4.24
4.694
4.347
4.82
4.924
4.495
4.815
4.123
7.011
4.267
4.719
4.667
4.504
4.678
4.829
4.636
4.434
4.312
4.474
4.994
4.398
4.8
5.149
4.457
4.594
4.505
4.307
4.498
4.833
4.672
4.739
5.055
4.313
5.201
4.59
4.435
4.778
4.893
4.311
4.407
4.415
5.156
4.679
4.43
4.865
4.734
4.184
4.853
4.733
4.513
4.872
4.131
4.673
4.207
4.805
4.504
8.561
4.468
4.674
4.733
4.718
4.64
4.569
4.04
4.544
4.461
4.447
4.764
4.575
4.373
4.751
4.125
4.528
4.738
4.455
4.813
4.361
4.238
4.619
4.587
4.742
5.103
4.505
4.393
4.472
4.088
4.45
4.72
6.929
4.434
4.334
4.813
4.156
4.634
4.36
4.763
4.867
4.819
4.989
4.592
4.734
4.875
4.603
7.931
4.327
4.698
4.324
4.647
4.887
4.171
4.82
4.356
4.712
4.314
4.685
4.127
4.442
4.501
4.631
4.853
4.878
4.92
4.64
4.717
4.64
4.459
4.403
4.436
4.015
5.176
4.731
4.082
4.521
4.448
4.921
4.495
4.73
4.571
4.404
4.464
4.32
4.392
4.46
4.517
4.796
