SETUP = ipsec
ITERATIONS = 1000
IPSEC_AUTH_METHOD = pubkey
IPSEC_IKE_CIPHER_SUITE = aes128gcm16-prfsha256-ecp256
IPSEC_ESP_CIPHER_SUITE = null-sha1
IPSEC_START_ACTION = start

Results: n=1000 mean=4.967 stdev=±0.748 99%conf=±0.061
5.802
5.311
5.023
4.385
4.908
4.62
4.803
4.718
4.451
4.645
5.376
4.375
5.31
4.642
5.281
4.648
5.577
4.695
4.649
4.682
4.653
4.871
4.543
5.136
4.296
5.178
5.002
4.984
4.686
4.718
4.889
5.38
4.715
4.451
4.406
4.244
4.4
4.289
4.642
4.954
5.397
5.209
4.546
5.673
5.016
7.124
4.314
8.887
4.749
7.069
4.751
7.147
4.831
4.511
4.585
4.725
5.292
4.874
4.244
5.641
4.948
5.324
4.569
4.773
4.409
4.429
4.754
4.372
4.515
4.614
4.344
4.952
4.516
5.355
5.198
4.692
4.872
4.728
4.373
4.448
4.407
5.231
5.207
5.231
4.192
4.505
4.899
4.444
5.362
7.394
5.329
4.801
5.009
4.491
4.299
5.25
4.713
6.577
5.028
7.024
4.662
5.184
5.548
4.238
5.91
4.808
6.68
5.231
4.312
4.611
4.54
4.824
4.507
8.252
4.708
5.866
5.293
5.012
4.4
5.389
4.783
4.711
5.04
5.208
5.289
4.765
6.392
4.321
5.129
4.656
4.54
4.477
5.158
4.348
4.809
10.122
4.643
5.434
5.28
4.744
4.607
5.025
4.676
4.566
4.815
4.42
5.649
4.497
4.566
4.266
4.296
4.759
4.477
4.922
4.462
4.706
4.188
4.581
4.906
4.427
4.673
4.442
4.602
4.46
4.366
4.466
4.219
4.771
5.261
4.525
4.607
4.335
4.471
4.459
4.598
4.521
5.055
4.96
4.646
4.77
4.263
4.405
4.334
4.648
4.84
4.442
4.402
4.472
4.293
4.489
4.153
4.562
4.542
4.413
4.659
4.747
4.302
4.823
4.469
4.362
4.473
4.893
4.755
4.722
4.421
4.927
4.377
4.162
4.446
4.74
5.026
4.331
4.979
4.994
4.698
4.11
5.215
5.988
5.69
5.074
4.801
4.294
4.298
5.55
5.173
4.637
4.985
4.965
4.459
4.6
4.413
4.92
4.801
4.607
4.54
4.72
5.447
4.867
5.15
5.205
4.726
4.963
4.922
4.684
4.903
4.635
4.583
4.536
6.475
4.891
4.999
4.572
6.27
5.365
4.861
4.779
4.599
6.244
4.614
4.563
4.41
4.269
5.018
4.666
4.413
4.836
4.759
4.652
4.272
4.87
4.772
5.202
4.541
4.424
4.807
4.648
4.228
4.957
8.396
4.98
4.508
5.179
5.053
5.279
4.988
4.436
4.585
5.342
4.459
5.531
4.613
4.633
4.855
5.241
4.548
4.727
4.491
5.797
8.004
4.933
4.624
4.713
5.845
4.488
5.44
5.78
4.909
7.471
4.549
4.369
4.623
4.584
5.667
4.823
4.49
4.881
4.25
5.318
4.966
4.44
5.487
5.165
4.826
5.057
5.112
6.493
5.112
4.556
4.777
5.056
5.298
7.123
5.331
5.375
5.874
5.689
4.842
5.065
4.971
4.616
6.281
4.557
4.706
4.426
7.205
5.481
4.56
4.718
5.242
5.264
4.555
5.095
4.614
5.169
4.978
5.379
4.648
5.063
4.949
4.99
4.764
4.593
4.873
4.606
4.981
5.952
5.545
5.712
4.864
5.319
4.719
4.704
4.882
5.103
5.515
5.09
7.842
5.143
5.021
4.854
6.489
5.256
4.662
5.076
4.477
4.955
5.177
5.345
5.252
7.632
5.031
7.804
4.759
5.104
5.702
5.285
6.186
5.146
4.925
5.057
5.296
4.824
5.359
4.914
4.98
5.126
5.128
6.815
4.992
4.648
4.721
4.861
4.766
9.19
5.192
5.065
4.341
5.289
5.541
4.731
5.009
4.926
4.896
4.673
4.587
5.914
5.048
4.787
4.607
4.816
5.703
5.358
7.491
4.713
4.823
5.093
5.954
5.144
5.174
4.995
6.149
4.806
4.979
6.404
5.528
5.175
6.115
6.281
5.269
4.522
4.744
5.715
5.354
5.355
5.046
4.898
5.672
4.833
5.24
4.704
8.656
4.736
4.806
5.392
5.758
6.418
5.201
5.65
4.597
4.305
4.566
4.425
4.732
4.661
4.926
4.794
4.82
4.575
4.629
4.469
4.864
5.297
4.464
4.747
8.011
4.91
6.424
4.534
4.907
4.58
4.427
4.587
4.652
4.67
5.376
4.418
4.866
5.215
4.986
5.03
5.998
4.751
5.006
5.058
4.978
5.302
6.305
5.042
8.094
5.557
4.888
4.774
4.417
4.953
5.124
4.919
5.286
5.136
4.636
4.976
4.541
5.072
4.487
5.789
5.183
6.051
5.925
5.317
4.993
5.454
4.846
5.151
4.834
5.173
4.73
5.537
5.073
5.667
5.368
5.214
4.937
4.694
4.802
4.824
4.408
4.524
4.833
4.556
5.003
5.036
4.647
4.813
5.415
4.679
4.522
4.659
4.602
5.031
8.299
4.417
5.579
4.552
4.994
4.524
4.788
4.898
4.818
4.995
5.184
5.309
4.846
4.687
4.897
4.982
4.358
4.723
5.326
5.279
6.472
4.495
6.866
4.582
4.656
5.385
10.467
4.648
4.934
4.717
6.165
4.769
4.879
4.969
5.633
4.522
5.959
4.877
5.366
4.554
6.49
5.822
6.371
5.664
4.777
4.75
4.388
4.435
4.719
4.702
4.562
4.609
4.771
4.764
4.519
4.943
4.801
5.606
4.688
4.859
5.117
4.798
4.866
4.407
4.9
4.729
4.627
4.771
4.658
4.65
4.796
4.563
4.733
4.636
4.578
4.551
4.842
4.629
5.196
4.793
4.339
4.51
4.681
4.427
5.162
4.842
5.33
4.742
4.415
4.764
4.51
5.055
4.292
4.427
4.778
4.728
4.665
4.96
4.332
4.623
4.572
4.748
4.862
4.733
4.749
4.66
4.626
4.676
4.648
4.955
4.827
4.335
5.144
4.575
4.926
4.666
4.47
4.781
4.742
4.488
4.538
4.682
5.494
4.651
4.685
4.554
4.759
4.355
4.792
4.713
4.258
4.613
4.644
4.602
4.905
5.021
4.862
4.399
4.512
6.697
4.855
7.464
5.078
4.629
4.448
4.943
4.527
7.904
4.751
7.427
4.7
4.693
5.026
4.654
5.041
4.84
5.068
4.689
4.395
4.806
4.497
4.348
4.603
4.713
4.441
4.485
4.666
4.599
4.738
4.701
5.046
4.34
4.902
4.738
5.063
5.51
4.794
4.767
4.619
4.914
5.182
4.806
4.538
4.902
4.567
4.537
4.648
4.745
4.631
4.561
8.493
4.555
4.603
4.757
4.434
4.801
4.632
4.438
5.478
5.231
9.505
4.889
4.521
4.771
4.481
4.375
4.538
4.718
4.733
4.507
4.499
4.561
4.925
4.515
4.962
4.8
4.615
4.785
4.956
4.84
4.842
4.539
4.739
4.629
5.005
4.703
4.77
5.242
4.61
5.721
4.806
4.311
4.38
4.979
4.569
4.694
5.618
4.506
4.995
4.75
4.569
4.512
4.808
5.357
5.052
4.47
4.571
4.88
4.525
4.313
4.57
4.833
4.803
4.9
4.844
4.792
4.4
5.024
5.471
5.045
5.313
4.851
4.781
4.602
6.258
4.967
4.745
4.693
8.088
5.042
4.867
4.546
4.334
4.534
4.634
5.101
4.207
4.643
4.4
4.56
4.661
4.561
4.529
4.497
4.577
4.466
4.679
5.078
4.842
4.751
4.339
4.324
4.433
5.232
4.729
5.339
4.774
4.387
4.493
4.763
4.957
4.931
4.742
4.333
4.846
4.375
5.214
4.726
4.816
4.792
5.087
4.504
4.749
4.899
4.61
4.677
4.387
4.49
4.624
4.893
4.447
4.869
4.475
4.754
4.75
4.81
4.51
4.592
4.845
4.425
4.744
4.548
4.948
5.04
4.875
4.438
4.499
5.119
4.497
5.061
4.551
4.856
4.926
4.612
4.54
4.728
4.291
4.681
4.529
5.048
4.502
4.41
4.288
4.648
4.766
4.551
4.702
4.979
4.501
8.124
5.425
6.78
4.746
10.184
4.44
4.96
4.465
4.759
4.426
4.81
4.507
4.659
4.443
4.334
4.421
4.638
4.832
4.434
4.726
4.683
4.901
4.638
4.775
4.995
4.504
4.775
5.294
4.396
4.331
5.102
4.634
7.313
4.367
5.651
5.15
4.444
4.746
4.739
4.753
4.464
4.848
4.764
4.601
4.731
4.545
4.545
4.532
4.585
4.772
4.604
4.803
4.659
4.476
4.715
4.622
4.767
4.758
4.875
4.379
4.936
4.527
4.888
4.446
5.253
4.394
7.998
4.643
6.792
4.928
4.844
4.454
7.926
4.959
4.502
5.079
4.506
4.307
5.461
4.936
4.888
4.501
4.577
