SETUP = ipsec
ITERATIONS = 1000
IPSEC_AUTH_METHOD = pubkey
IPSEC_IKE_CIPHER_SUITE = aes128gcm16-prfsha256-ecp256
IPSEC_ESP_CIPHER_SUITE = aes256gcm16
IPSEC_START_ACTION = start

Results: n=1000 mean=4.758 stdev=±0.631 99%conf=±0.051
5.31
4.396
4.057
5.123
4.089
4.337
4.651
4.465
6.334
4.399
4.133
4.403
5.037
4.813
4.154
4.428
4.469
4.455
4.295
4.158
4.419
4.196
4.434
4.645
4.739
6.525
4.329
4.323
4.388
4.542
5.238
4.447
4.466
4.202
4.408
4.481
4.479
4.738
4.474
4.781
4.755
4.593
4.218
5.157
4.386
4.939
4.489
4.503
4.155
4.357
4.693
6.332
4.526
4.275
4.213
4.278
4.371
4.406
5.066
4.31
4.355
4.389
4.118
4.57
4.367
4.453
4.727
4.932
4.444
4.332
4.987
4.41
4.174
4.618
4.289
4.339
4.393
4.248
4.598
4.146
4.576
4.313
4.244
4.735
4.607
4.538
4.144
4.554
4.155
4.245
4.978
4.689
4.589
4.477
4.835
4.201
4.403
4.14
4.91
4.755
4.423
4.43
4.369
5.06
6.721
4.203
4.457
4.28
4.192
4.633
4.536
4.619
4.135
4.561
4.325
4.395
4.719
4.275
4.35
4.468
4.272
4.684
4.531
4.486
5.311
4.187
5.111
4.52
4.648
4.562
4.65
4.261
4.408
4.317
4.7
4.608
6.216
4.45
4.236
4.43
4.372
4.917
4.226
4.738
4.673
4.795
4.609
7.07
4.51
6.712
4.396
4.685
4.493
4.831
4.484
4.072
4.787
4.49
4.589
4.806
4.479
4.511
4.668
4.447
4.536
4.622
4.275
4.762
4.559
4.246
4.361
4.689
4.474
4.641
4.74
4.174
4.857
4.401
4.325
5.121
4.743
4.615
4.631
7.093
4.162
4.589
4.421
4.663
4.51
4.651
4.427
4.703
4.261
4.704
4.765
4.959
4.478
4.561
4.393
4.278
5.461
4.505
4.841
4.407
4.998
4.332
4.3
4.488
4.498
7.629
4.368
4.557
4.53
4.415
4.645
4.412
4.394
4.661
5.008
5.088
4.682
4.781
4.313
4.658
4.367
4.715
4.696
4.315
4.827
4.828
4.367
4.283
4.381
4.326
4.339
4.329
4.739
4.864
4.402
4.624
4.475
7.007
4.435
4.411
4.528
4.226
4.587
4.922
5.031
4.232
4.379
4.742
4.409
4.4
5.157
4.862
4.443
4.172
6.178
5.495
4.56
4.376
4.937
4.493
5.277
4.743
4.445
4.608
4.744
4.746
4.637
4.83
4.697
4.744
4.654
4.864
4.359
4.331
5.19
4.336
4.314
4.493
4.487
4.844
4.834
5.0
4.545
4.793
4.55
5.352
4.685
5.259
4.478
4.511
4.801
5.039
4.973
4.587
4.624
4.557
5.177
5.031
4.63
4.695
4.957
4.495
4.402
5.254
4.385
4.398
4.335
8.282
4.663
6.501
4.315
4.681
4.348
4.679
4.982
4.344
4.727
4.433
4.704
4.4
4.744
4.691
4.649
4.549
6.612
4.338
7.793
4.368
4.68
4.439
4.907
4.768
5.115
4.454
4.468
4.671
4.611
4.929
4.633
4.482
4.821
4.653
4.676
4.322
4.952
4.211
5.278
4.616
4.558
4.593
4.519
4.651
5.124
4.229
4.711
4.595
4.527
4.827
4.893
4.521
4.456
4.756
4.623
4.549
4.797
4.666
4.48
4.375
4.423
4.459
4.357
4.896
4.535
4.496
4.74
4.606
4.818
4.948
4.376
4.573
4.87
4.965
4.397
4.983
4.556
4.442
4.572
4.554
4.755
5.686
4.658
5.048
4.969
4.328
4.616
5.163
4.586
5.085
4.511
4.627
4.429
4.285
4.747
7.843
4.478
8.456
4.684
4.497
4.973
4.57
4.465
4.376
4.741
4.694
4.981
5.216
4.515
4.714
4.873
5.558
4.553
4.455
4.499
4.945
4.417
4.789
4.651
4.439
4.624
4.656
4.754
4.468
4.648
8.073
4.583
4.446
4.532
4.419
4.909
4.568
4.706
4.211
4.552
5.006
4.624
4.667
4.306
4.408
4.427
4.536
4.939
4.778
4.422
4.86
4.341
4.975
4.737
4.804
4.548
4.614
4.697
4.879
4.343
4.695
4.499
4.686
4.768
4.82
4.34
4.948
4.722
4.82
4.639
5.517
4.712
4.741
4.512
4.808
4.422
4.475
4.677
4.909
4.507
4.523
4.676
4.62
4.417
4.591
4.424
4.805
5.053
5.521
5.032
4.842
4.756
5.637
4.769
6.428
4.635
5.037
5.155
4.769
4.976
4.311
4.752
4.398
4.902
4.659
4.585
4.598
4.198
4.664
5.413
4.567
4.432
4.499
4.444
4.527
4.288
4.158
5.049
4.54
4.903
7.718
4.673
4.359
4.938
4.573
4.662
4.508
4.422
4.52
4.49
4.344
4.689
4.619
5.573
5.509
4.901
4.823
5.198
4.626
4.844
4.607
4.951
5.102
4.993
4.921
4.628
4.495
4.347
5.193
4.645
4.523
4.534
4.807
4.644
4.588
4.378
5.264
5.35
4.491
4.986
4.395
4.93
4.486
4.873
4.669
4.237
4.589
4.416
4.647
4.747
4.632
4.606
4.361
5.174
7.696
4.632
4.313
5.034
4.845
4.527
4.918
4.481
4.675
4.582
4.902
4.456
4.379
4.724
4.504
6.402
4.908
4.565
4.862
4.873
4.437
4.479
4.547
4.532
4.364
4.563
5.419
4.734
4.908
4.464
4.657
4.351
4.866
4.439
4.528
4.484
4.754
4.725
4.648
5.026
4.544
4.694
4.529
4.669
4.571
4.534
4.558
5.199
4.589
4.58
4.509
4.684
4.431
4.419
4.403
4.669
4.482
4.843
4.63
4.93
4.729
4.479
4.681
4.402
4.574
4.274
4.577
4.719
4.635
4.584
4.748
4.6
4.562
4.508
4.521
4.865
4.395
4.599
8.34
4.397
4.414
4.574
4.592
4.625
4.711
5.035
4.611
5.03
4.706
4.483
4.426
4.65
4.923
4.717
5.235
4.52
4.65
5.085
4.397
4.801
4.61
5.237
5.059
4.49
4.801
4.632
4.592
4.346
4.839
4.637
4.7
4.529
5.081
5.033
5.054
4.491
6.328
4.606
4.555
4.882
4.763
4.722
4.824
4.66
5.538
4.455
4.615
6.933
4.732
5.078
4.502
4.76
4.823
4.819
5.323
4.433
4.662
4.756
5.04
4.598
4.353
4.899
8.599
4.717
4.311
4.524
4.441
4.496
4.253
4.54
4.939
5.03
5.098
5.403
4.99
4.493
4.362
4.504
4.766
4.835
4.862
7.896
4.728
9.983
4.741
5.144
5.042
4.777
4.735
4.934
4.483
4.431
4.259
4.584
4.73
4.705
4.504
4.433
5.288
4.466
4.669
3.945
4.563
4.752
4.655
4.239
4.69
4.684
7.941
4.42
4.765
4.395
4.251
5.083
4.656
4.829
4.975
4.608
4.419
4.609
4.513
7.332
4.753
4.626
4.991
6.867
4.51
4.515
4.744
4.779
4.35
4.44
4.7
4.324
4.848
4.715
4.75
4.941
4.932
4.859
4.753
4.657
4.702
4.645
4.464
4.771
4.56
4.637
4.196
4.714
4.721
4.797
4.645
4.97
4.717
5.632
4.563
9.394
4.728
4.858
4.715
5.171
4.751
4.892
4.506
4.899
4.771
5.028
4.408
5.207
4.528
4.366
4.406
4.755
4.519
4.646
4.617
6.641
4.692
5.173
4.607
4.746
4.718
4.751
5.023
4.859
4.419
4.542
4.876
4.946
4.472
4.58
4.866
4.553
4.578
4.879
4.843
4.76
4.551
4.697
4.526
4.532
4.487
7.638
4.445
4.867
4.537
4.725
4.515
4.675
4.648
4.759
4.795
4.168
4.856
4.453
8.054
4.55
4.902
4.763
5.075
4.745
4.523
4.457
4.733
7.271
4.463
4.724
4.823
5.259
4.564
4.615
4.876
4.421
4.692
4.591
4.73
4.435
4.745
5.294
5.046
4.564
4.384
5.125
4.747
4.92
4.52
4.743
5.081
4.914
4.46
4.735
4.746
4.68
4.697
4.521
4.744
4.973
4.767
4.594
8.115
5.054
4.489
4.571
4.579
4.837
4.437
4.976
4.359
4.554
4.838
5.07
4.4
4.934
4.649
8.216
4.592
4.794
4.513
4.372
4.864
4.688
4.671
4.858
4.852
4.777
4.504
4.909
4.465
4.487
4.69
4.832
4.803
4.855
7.096
4.502
4.605
4.655
4.824
4.461
4.777
4.884
4.422
4.435
4.707
4.384
4.726
4.712
4.836
4.871
4.429
4.681
4.669
4.549
7.208
4.571
4.688
5.086
4.662
4.498
5.362
5.105
4.387
4.683
4.629
5.061
4.749
4.444
4.761
4.611
4.936
4.302
4.203
4.46
4.642
7.946
4.54
4.485
4.941
