SETUP = ipsec
ITERATIONS = 1000
IPSEC_AUTH_METHOD = pubkey
IPSEC_IKE_CIPHER_SUITE = aes128gcm16-prfsha256-ecp256
IPSEC_ESP_CIPHER_SUITE = aes128gcm16
IPSEC_START_ACTION = start

Results: n=1000 mean=4.730 stdev=±0.613 99%conf=±0.050
5.439
4.405
4.435
4.751
4.23
4.269
4.746
4.664
4.66
4.267
4.261
4.078
4.395
4.361
4.089
4.454
3.992
4.947
4.323
5.028
4.323
4.897
4.487
5.038
4.219
4.783
5.019
4.194
4.309
4.61
4.445
4.313
4.357
4.556
4.588
4.294
4.16
4.651
4.457
4.306
4.701
4.689
4.533
4.566
7.062
4.225
4.389
5.309
4.461
4.32
4.133
4.684
8.532
4.458
4.427
4.777
4.832
4.435
4.635
4.118
4.597
4.961
4.789
4.616
4.581
4.278
8.11
4.298
7.214
4.398
4.513
4.506
4.518
4.412
4.341
4.868
4.605
4.286
4.039
4.388
4.796
4.267
4.766
4.342
4.635
4.534
4.326
5.965
4.347
4.101
4.268
4.374
4.237
4.531
4.58
4.782
4.379
5.056
4.194
4.796
4.23
4.446
4.577
4.299
4.523
4.527
4.181
4.635
4.246
4.382
4.814
4.401
4.415
4.297
4.196
4.648
4.358
4.823
4.299
4.282
4.467
4.566
4.785
5.311
4.412
10.014
4.603
4.673
4.244
7.283
4.679
4.907
4.626
4.428
4.736
4.415
4.602
4.172
4.69
4.738
4.747
4.687
4.456
4.725
4.655
4.422
6.448
4.272
4.373
4.581
4.302
4.372
4.899
4.527
4.508
4.146
4.48
4.351
4.358
4.818
4.826
4.63
4.615
4.666
4.526
4.809
4.485
4.44
4.299
4.379
4.253
4.7
5.307
4.386
4.756
4.891
4.771
4.37
4.171
4.23
5.328
4.282
4.555
4.758
4.2
4.382
4.198
4.421
4.886
4.739
4.289
4.523
4.719
4.466
4.649
4.65
4.643
4.775
4.786
4.527
4.277
5.727
4.625
4.418
4.658
4.363
4.355
4.343
4.624
4.333
4.803
4.453
4.421
4.648
4.392
4.631
4.487
4.968
7.281
4.432
4.753
4.767
4.689
4.661
4.763
4.578
4.318
4.595
4.711
4.555
4.53
4.29
4.563
4.519
4.776
4.23
4.58
4.747
4.683
4.669
4.738
4.353
4.268
4.328
4.524
4.361
4.726
4.49
4.352
4.478
4.79
4.646
6.657
4.384
4.404
4.331
4.736
4.674
5.055
4.832
4.537
4.492
4.317
4.193
4.394
4.518
4.583
4.724
4.35
6.231
5.021
5.031
4.762
4.621
4.7
4.474
4.357
4.623
4.438
4.802
4.203
5.052
4.293
4.496
4.609
4.753
4.943
4.692
5.179
5.339
4.594
4.916
4.488
4.29
4.441
4.356
4.574
5.038
4.971
4.465
4.457
4.554
5.136
4.966
5.086
4.784
4.849
5.197
5.389
4.636
4.542
4.735
4.315
5.475
4.519
4.565
4.901
4.465
4.646
4.536
4.442
4.453
4.494
4.662
7.904
4.31
4.449
4.421
4.593
4.692
4.503
4.736
4.549
4.863
4.482
5.118
4.504
4.45
4.308
4.321
4.613
4.851
4.326
4.495
4.348
4.702
4.4
7.527
4.808
4.294
4.477
4.664
4.682
5.099
4.318
4.963
4.474
4.413
5.059
4.868
6.101
4.395
5.282
4.805
4.744
4.31
4.452
4.427
4.567
4.911
4.711
4.537
4.545
10.164
4.696
4.77
4.78
4.722
4.987
4.257
4.593
4.52
4.466
5.183
4.482
4.26
4.396
4.718
4.716
4.552
4.76
4.417
4.78
4.983
4.667
4.768
4.631
4.972
5.432
4.627
4.614
4.812
4.965
4.758
5.16
4.449
5.186
4.81
4.751
4.539
4.667
4.673
4.307
4.925
5.521
4.878
4.585
4.397
4.494
4.484
4.414
4.323
5.11
5.917
4.544
4.634
4.585
4.57
4.649
4.8
4.587
4.454
4.631
4.691
5.125
4.636
4.826
4.805
4.78
4.618
4.393
4.797
4.601
5.274
4.489
4.554
4.502
4.309
4.698
4.402
4.764
4.923
5.115
4.661
4.453
8.088
4.456
4.642
4.687
5.292
4.651
7.078
4.207
4.394
4.862
4.762
4.629
4.275
4.484
4.561
4.444
5.714
6.539
4.952
4.788
4.836
4.512
4.824
4.767
4.461
5.204
4.46
4.462
4.542
4.955
4.736
4.667
4.709
4.976
4.677
4.686
4.708
4.547
4.328
5.099
4.55
4.349
4.568
4.591
4.535
4.286
4.778
4.346
7.366
4.847
7.59
4.803
4.608
4.497
4.701
4.359
4.59
4.447
4.622
4.459
4.395
4.827
4.881
4.711
4.883
4.772
4.241
4.805
5.025
4.465
4.23
4.755
4.835
4.321
4.372
4.565
4.564
4.393
4.686
5.051
4.217
4.453
4.489
4.589
4.345
4.694
4.527
5.022
4.293
5.209
4.746
4.689
4.728
4.889
4.329
4.552
4.551
4.497
4.576
4.741
4.145
4.633
4.354
4.465
4.681
4.727
4.634
4.795
4.822
5.124
4.519
4.764
4.825
4.454
4.916
4.453
4.477
4.701
4.326
4.617
4.657
4.483
8.239
4.63
4.611
4.719
4.827
4.523
4.383
4.652
4.429
4.563
4.619
4.912
4.369
4.589
4.875
4.741
4.29
4.547
4.776
4.411
4.768
4.813
4.799
4.621
4.485
4.702
4.481
4.917
4.584
4.695
4.5
4.81
4.728
4.846
4.437
5.538
4.753
4.569
4.805
8.125
4.303
4.553
4.488
4.541
4.881
8.233
4.604
5.671
4.522
4.449
4.524
4.547
4.733
4.758
4.584
4.727
4.517
4.481
4.764
4.455
4.565
4.682
4.294
4.463
4.747
4.501
4.827
4.647
4.447
4.598
4.493
5.337
4.703
4.448
4.776
4.45
5.213
4.405
4.352
4.088
4.705
4.511
4.43
5.265
4.711
5.075
4.967
4.521
4.247
4.765
4.299
4.323
4.724
4.9
4.435
5.106
4.679
4.625
4.388
4.661
4.899
4.952
4.754
4.928
4.701
4.461
4.578
4.516
4.701
4.497
4.588
5.168
5.031
4.694
4.718
4.411
4.483
4.842
4.535
4.514
6.69
4.525
4.274
4.532
7.942
5.448
4.727
4.772
4.844
4.875
4.567
5.326
4.373
4.83
5.035
5.575
4.378
5.252
4.713
4.342
4.574
7.928
4.65
4.445
4.969
4.883
4.219
4.635
5.01
4.456
4.429
4.765
4.395
4.564
5.247
4.699
4.732
4.822
5.024
4.287
4.683
4.526
5.074
4.555
4.827
4.755
4.885
4.807
4.71
4.632
4.96
4.541
5.082
4.971
4.878
4.905
4.41
4.41
4.75
4.626
4.32
5.549
4.634
4.737
4.523
4.274
4.557
4.679
4.492
4.58
4.393
4.377
4.986
4.586
4.694
4.835
4.861
4.536
4.816
4.596
4.757
4.112
4.411
5.039
4.885
4.477
4.462
4.387
4.772
4.512
7.335
4.328
4.479
4.306
4.297
4.424
4.998
4.563
4.427
4.477
4.977
4.801
4.612
4.924
4.552
4.3
4.45
4.32
4.775
7.514
4.353
4.528
4.804
4.436
5.026
4.449
4.73
4.651
4.389
5.008
4.672
5.225
4.446
4.566
4.56
4.51
4.452
4.335
4.502
4.427
4.56
4.776
4.344
4.643
4.329
4.548
4.553
4.459
4.83
4.521
4.453
4.559
4.595
4.667
4.554
4.533
4.684
5.315
4.828
4.709
4.42
4.583
8.093
4.756
4.21
4.608
4.597
4.759
4.734
4.771
4.781
7.363
4.835
4.531
4.701
5.015
4.589
4.684
4.934
4.919
4.854
4.684
4.941
4.723
4.36
4.77
6.597
4.504
4.548
4.376
4.655
4.523
4.549
4.536
4.714
4.436
4.322
4.6
4.889
4.653
4.446
4.729
5.071
4.694
4.963
4.558
4.358
4.587
5.165
8.134
4.629
4.71
4.906
4.259
4.802
4.747
4.437
4.465
4.893
4.714
4.783
4.843
5.617
4.503
4.669
4.542
6.879
4.794
4.948
4.592
4.612
4.432
4.608
4.544
4.815
4.745
4.388
4.498
4.687
6.555
4.846
4.436
5.092
4.945
4.732
4.591
4.387
4.962
4.628
6.515
4.474
5.21
4.553
4.749
4.638
4.483
4.986
4.458
4.73
4.68
6.855
4.563
4.587
5.243
4.619
4.765
4.619
4.641
5.134
4.855
4.564
4.548
4.562
4.341
4.315
4.683
4.333
4.788
4.667
4.626
4.566
4.541
4.952
4.5
4.793
4.587
4.834
4.312
5.242
4.656
4.638
4.789
4.517
4.853
4.38
4.749
4.977
4.922
4.265
4.526
4.631
4.58
4.342
4.534
4.64
4.778
4.477
4.28
4.424
4.406
4.761
4.421
5.32
