SETUP = ipsec
ITERATIONS = 1000
IPSEC_AUTH_METHOD = pubkey
IPSEC_IKE_CIPHER_SUITE = aes128gcm16-prfsha256-ecp256
IPSEC_ESP_CIPHER_SUITE = aes128-sha1
IPSEC_START_ACTION = start

Results: n=1000 mean=4.672 stdev=±0.508 99%conf=±0.041
5.495
4.592
4.166
4.613
4.581
4.529
4.493
4.514
4.764
4.349
4.635
4.53
5.727
4.258
4.583
4.583
4.227
4.266
4.161
4.863
4.178
4.395
4.211
4.593
4.408
4.383
4.408
4.202
4.098
4.65
4.308
4.115
4.343
4.157
4.125
4.439
4.428
4.516
4.719
4.369
4.132
4.243
4.139
4.927
4.377
4.432
4.243
4.144
4.599
4.505
4.235
4.326
4.635
4.518
4.611
4.225
4.043
4.291
4.948
4.403
4.271
4.738
4.198
4.358
4.282
4.781
4.744
4.207
5.006
4.54
4.155
4.364
6.582
4.381
4.886
4.884
4.285
4.203
4.282
4.577
4.202
4.224
4.243
5.092
4.24
4.788
4.726
4.407
4.87
4.402
4.574
7.49
4.21
4.7
4.29
4.546
4.671
4.46
4.282
4.281
4.236
4.211
4.287
4.212
4.081
4.435
4.691
4.515
4.781
4.283
4.452
4.512
4.667
4.247
4.242
4.578
4.488
4.796
4.327
4.375
4.571
4.145
4.503
4.064
4.57
4.535
4.203
4.403
4.349
4.474
4.294
4.476
5.141
4.252
4.448
4.3
4.315
4.681
4.296
4.112
4.743
4.305
4.2
4.442
4.254
4.234
4.523
4.228
4.236
4.383
4.344
4.727
4.21
4.464
4.506
4.46
4.378
4.3
4.554
4.415
4.739
4.553
4.44
4.482
4.282
4.173
4.49
4.696
4.228
4.676
4.515
4.604
4.633
4.737
4.407
4.766
4.555
4.447
4.549
4.698
4.596
4.503
4.7
4.813
4.396
4.714
4.38
4.368
4.302
4.55
4.148
4.276
4.736
4.312
4.185
4.033
4.481
4.053
4.335
4.8
4.484
4.496
4.561
4.417
4.998
4.398
4.479
4.456
4.239
4.525
5.077
4.849
4.564
4.253
4.474
4.38
4.411
4.368
4.8
4.337
7.821
4.51
4.842
5.239
4.763
4.801
4.321
4.718
4.397
4.465
4.47
4.989
4.304
4.421
4.172
4.85
4.374
4.429
4.317
5.128
4.444
4.728
4.274
4.765
5.265
4.497
4.822
4.426
4.4
4.216
4.402
4.453
4.68
4.831
4.63
4.688
4.533
4.551
4.565
4.656
4.603
4.54
4.404
4.527
4.571
4.589
4.827
4.278
7.784
4.452
6.902
4.444
4.752
4.414
4.375
4.676
5.283
4.607
4.512
4.239
4.916
4.402
4.833
4.593
4.495
4.573
4.394
4.734
4.823
4.532
4.713
4.379
4.527
6.564
4.338
4.784
4.377
4.414
4.63
4.332
4.442
4.832
4.174
4.198
4.694
4.529
4.401
4.152
4.339
4.656
4.716
4.511
4.386
4.545
7.853
4.372
4.925
4.82
4.841
4.349
5.319
4.64
6.901
4.507
4.689
4.775
4.402
4.511
4.497
4.733
4.908
7.437
4.696
4.51
4.532
4.787
4.692
4.922
4.667
4.934
4.626
4.804
4.906
4.753
4.514
4.807
4.255
4.295
4.455
4.939
4.468
4.501
4.996
4.545
7.566
4.63
4.49
4.369
4.348
4.925
4.298
4.905
4.361
4.878
4.722
4.285
4.88
5.41
4.428
4.972
4.035
4.571
4.636
4.783
4.63
4.665
4.34
4.683
4.774
5.024
4.929
4.438
4.529
4.764
4.974
4.729
4.5
4.593
4.575
4.549
4.796
4.413
4.923
5.796
4.543
4.527
4.384
5.191
4.552
4.501
4.675
4.516
4.399
4.537
4.359
4.494
5.024
6.383
4.848
4.43
4.245
4.48
4.518
4.444
4.848
4.6
4.505
4.449
6.829
4.415
4.429
4.488
4.377
4.651
4.955
4.876
4.528
4.581
4.696
4.573
4.485
4.878
4.406
4.559
4.559
4.448
5.244
5.004
4.594
4.956
4.92
5.107
4.597
4.622
4.845
5.177
9.382
4.949
4.407
4.546
4.483
4.487
7.156
5.215
4.427
4.624
4.54
4.635
4.372
4.572
4.505
5.266
4.699
4.732
4.494
4.721
4.758
6.042
4.715
4.342
4.562
4.552
4.506
4.555
4.553
4.649
4.423
4.432
4.572
4.607
4.301
4.635
4.28
4.61
4.968
4.721
4.484
4.548
4.339
4.262
4.557
4.912
4.516
4.612
4.831
4.554
4.689
4.531
4.673
4.597
5.054
4.548
4.876
4.344
4.538
4.508
4.994
4.754
4.848
4.743
4.969
4.478
4.91
4.458
4.689
4.499
5.062
5.072
4.671
4.376
5.014
4.736
6.199
4.713
7.004
4.994
4.527
4.319
4.393
4.614
4.824
4.68
4.877
6.892
4.67
4.614
4.471
4.186
4.784
5.484
4.584
4.5
6.478
4.492
4.398
4.54
4.39
4.428
4.622
4.575
4.637
4.469
4.519
5.057
4.965
4.462
4.301
4.416
4.934
4.927
4.494
4.563
4.445
4.402
4.4
4.626
4.231
4.754
4.255
4.84
4.439
4.807
4.858
4.365
4.989
4.728
4.504
4.565
4.914
4.712
4.522
4.369
4.792
4.788
5.34
4.352
4.682
4.63
4.273
4.404
5.043
4.425
4.799
4.482
4.715
4.926
4.336
4.253
4.741
4.592
4.93
4.318
4.731
4.3
4.462
4.788
4.771
5.056
4.373
4.316
4.197
4.708
4.445
4.481
4.572
4.474
4.572
4.494
4.613
4.795
5.029
4.311
4.627
4.752
4.377
4.947
4.352
4.497
4.767
4.218
4.594
4.501
4.669
4.732
5.056
4.817
4.36
4.604
4.72
4.653
5.188
4.56
4.561
4.922
6.438
4.408
4.335
4.953
4.91
4.763
7.097
4.783
4.439
4.71
4.632
5.243
4.941
4.676
4.754
4.472
4.895
4.682
4.523
4.709
4.963
5.101
4.419
4.864
4.973
4.714
4.535
4.703
5.167
4.546
4.415
4.777
4.474
4.643
4.8
4.382
4.767
4.72
4.47
4.483
4.253
4.903
5.179
4.577
5.002
4.96
4.657
5.519
5.057
4.269
4.878
4.698
4.609
4.924
4.419
4.417
4.772
4.622
4.333
4.476
4.602
4.275
4.914
4.387
4.705
4.774
4.334
4.691
4.619
4.921
4.587
4.142
4.433
4.397
5.026
4.561
4.7
4.551
4.36
4.79
4.607
4.985
4.435
4.573
5.098
4.789
4.734
4.852
4.997
4.492
4.686
4.767
4.848
4.74
4.814
4.637
5.609
5.029
4.533
4.847
5.083
4.499
4.232
4.542
4.493
4.58
4.351
4.513
4.373
4.775
4.626
4.675
4.851
4.498
4.537
4.764
4.891
4.656
4.645
4.704
4.082
4.511
4.997
5.143
4.52
5.461
5.001
4.514
4.672
4.673
4.685
4.367
4.745
4.318
4.714
4.541
5.033
4.546
4.759
4.691
4.901
4.68
5.204
5.017
4.792
4.284
4.586
4.504
4.757
4.973
4.988
4.786
4.585
5.389
4.512
4.764
5.004
4.399
5.024
5.149
4.78
4.451
4.815
4.429
4.672
4.948
4.43
4.576
4.613
4.53
4.499
4.362
4.645
8.698
4.594
4.769
4.5
4.417
4.423
4.596
5.197
4.461
4.573
4.512
4.661
4.754
4.424
4.326
4.943
4.861
5.293
4.736
5.529
4.508
4.357
5.345
4.625
4.819
4.726
4.38
5.256
4.206
4.656
5.032
4.653
5.056
4.412
8.297
4.352
4.518
4.456
4.357
4.946
5.076
4.69
4.712
4.457
4.494
4.843
4.603
4.856
4.318
4.859
4.783
4.28
4.737
4.898
4.473
4.968
5.072
4.845
4.648
4.508
4.64
4.623
4.835
4.413
4.333
4.562
4.166
4.413
4.773
4.853
4.759
4.505
5.012
4.418
4.501
4.653
4.374
4.572
4.663
4.735
4.249
4.765
4.419
4.341
4.669
4.502
4.667
4.727
4.855
5.081
4.314
4.417
4.812
4.23
4.667
4.605
4.302
4.638
4.983
4.332
4.601
4.666
6.776
4.7
5.874
4.53
5.095
4.921
5.157
4.936
4.42
5.61
4.558
4.33
4.729
4.267
4.733
4.587
4.31
4.618
4.436
7.29
4.57
4.541
4.398
4.704
5.017
4.615
4.43
4.859
7.719
4.618
4.539
4.542
4.521
4.6
4.537
4.761
4.793
4.529
4.267
4.993
4.525
4.439
4.851
4.571
4.588
4.966
5.109
4.599
4.554
4.636
4.588
4.472
4.752
4.617
4.988
4.55
4.731
4.671
4.39
4.407
4.835
4.979
4.323
4.456
4.341
4.557
4.396
4.276
4.731
4.694
4.524
4.609
4.637
4.371
4.659
4.734
4.464
4.433
4.477
4.716
4.643
