SETUP = ipsec
ITERATIONS = 1000
IPSEC_AUTH_METHOD = pubkey
IPSEC_IKE_CIPHER_SUITE = aes128gcm16-prfsha256-ecp256
IPSEC_ESP_CIPHER_SUITE = null-sha2_256
IPSEC_START_ACTION = start

Results: n=1000 mean=4.743 stdev=±0.512 99%conf=±0.042
5.225
4.786
4.294
4.744
5.855
4.579
4.454
4.688
4.44
4.659
4.459
4.475
4.83
4.441
4.712
4.61
4.527
4.558
4.691
4.34
4.52
4.755
4.513
4.385
4.24
4.848
4.294
4.776
4.973
5.187
4.308
4.302
4.208
4.44
4.638
4.813
4.562
4.651
4.321
4.392
4.265
4.647
4.733
4.49
4.976
4.532
4.334
4.219
4.269
5.094
4.277
4.253
4.571
4.327
4.434
4.411
6.327
4.72
4.369
4.778
4.258
4.221
4.471
4.949
4.342
4.654
4.476
4.305
4.267
4.66
4.348
4.418
4.552
4.738
4.274
4.371
4.421
4.513
4.588
4.602
4.279
4.789
4.282
5.012
4.373
4.674
4.714
4.564
4.466
4.566
4.749
4.338
4.41
4.297
4.504
4.271
4.547
4.518
4.471
4.192
4.37
4.562
5.454
4.218
4.662
4.513
4.352
4.732
4.32
4.299
4.775
4.792
4.471
4.877
4.305
4.41
4.424
4.268
4.794
4.634
4.443
4.249
4.586
4.689
4.612
4.596
4.356
4.493
4.343
4.471
4.683
4.515
4.449
4.918
4.96
4.473
4.675
4.397
4.504
4.288
4.33
4.53
4.424
4.377
4.62
4.159
4.565
4.316
4.563
4.41
4.858
4.846
4.889
4.766
4.894
7.252
4.308
4.553
4.304
4.76
4.992
4.846
4.465
4.835
4.816
4.701
4.689
4.663
4.494
4.349
4.359
4.549
4.4
4.134
4.653
4.388
4.794
4.452
4.766
4.471
4.311
4.535
4.453
4.943
5.228
4.288
4.222
4.459
4.38
4.454
4.573
4.761
4.663
4.668
4.271
4.706
4.571
4.628
4.461
4.898
4.386
4.426
4.48
6.973
4.546
4.61
4.55
4.835
4.314
4.889
4.512
5.244
4.673
4.607
4.504
4.548
4.949
4.552
4.777
4.78
4.435
4.55
4.629
4.542
5.007
4.399
7.365
4.892
4.643
4.751
6.419
4.28
4.685
4.51
4.467
4.678
8.778
4.508
4.745
4.694
4.551
4.952
5.0
4.485
4.745
4.495
4.593
4.63
4.684
4.471
4.651
4.514
4.437
5.498
4.762
4.643
4.653
4.762
4.596
4.845
4.486
4.397
4.748
4.807
4.683
4.606
4.528
4.889
4.631
4.731
4.41
4.783
4.739
4.887
7.64
4.956
4.699
5.175
4.949
4.357
5.038
4.473
4.62
4.436
4.352
4.494
4.401
4.508
4.593
4.902
4.359
4.864
4.793
4.796
4.313
4.609
8.649
4.67
4.585
4.58
4.404
4.313
4.589
5.004
4.572
5.135
4.188
4.472
4.808
4.659
4.545
4.245
4.353
4.669
4.842
5.009
5.092
4.352
5.234
5.172
4.603
4.566
4.305
4.594
4.756
4.387
5.084
5.029
4.612
4.908
7.22
4.453
4.805
5.069
4.755
4.466
4.395
5.473
4.463
4.381
4.985
4.697
4.438
4.54
4.355
6.976
4.449
4.477
4.53
6.454
4.343
5.255
4.855
5.54
4.492
4.906
4.725
4.927
4.881
4.512
4.302
5.011
4.621
4.9
4.9
4.547
4.704
4.503
5.122
4.461
4.541
4.837
4.947
4.728
4.502
4.764
4.516
4.923
4.491
4.495
4.555
4.481
4.562
4.4
4.525
4.679
4.454
4.512
4.701
4.711
4.553
4.92
7.444
4.556
5.908
4.536
4.83
4.564
4.52
4.985
4.851
4.808
4.857
4.606
4.414
4.61
4.671
4.828
5.007
5.289
4.862
5.059
4.909
4.421
4.319
6.857
4.537
4.612
4.843
4.977
5.173
4.774
4.773
6.351
4.666
5.105
4.604
4.41
4.634
4.384
4.377
5.057
4.688
4.803
4.752
4.69
4.506
4.894
4.712
4.549
4.809
4.659
4.64
4.682
4.517
4.451
4.996
4.992
4.713
5.199
4.44
4.813
4.695
4.496
4.803
4.606
4.344
4.653
4.784
4.686
4.878
4.63
4.876
5.23
4.618
6.836
4.366
8.68
4.533
4.599
4.324
4.721
4.759
4.594
4.946
5.038
4.542
4.283
4.746
4.795
4.613
4.735
4.772
4.351
4.666
4.708
4.834
4.617
4.405
4.644
4.963
4.712
4.587
4.913
4.602
4.873
4.472
4.882
4.721
4.591
4.708
4.692
5.457
4.638
5.018
4.601
4.744
4.354
4.591
4.811
4.61
4.468
4.773
5.011
4.506
5.099
5.161
4.752
7.396
5.213
7.72
4.952
4.715
4.792
4.994
4.591
4.446
4.815
4.515
4.416
4.784
4.446
4.783
4.613
4.481
5.208
4.892
4.449
4.514
4.564
4.416
4.944
4.836
4.75
4.66
4.549
4.341
4.624
4.559
4.441
5.015
4.767
4.723
4.822
4.706
4.611
4.888
4.448
5.071
4.771
4.811
4.548
4.628
5.186
4.844
4.457
4.912
4.43
4.696
4.754
4.698
4.494
4.446
4.728
5.156
4.503
4.499
4.743
5.361
4.956
5.12
5.123
4.812
4.771
4.893
4.692
4.648
4.395
4.821
4.626
4.783
9.709
4.856
4.594
5.198
4.792
4.409
4.626
4.56
4.772
4.821
5.065
4.659
4.921
4.616
4.952
4.617
4.568
4.222
4.565
5.885
4.625
4.848
4.615
4.842
4.612
4.673
4.823
4.809
4.465
4.6
4.752
4.569
4.401
4.979
4.393
4.898
4.46
4.699
5.033
4.559
4.746
4.879
4.581
4.935
4.607
4.63
4.538
4.448
4.367
4.614
4.519
5.313
4.424
4.488
4.699
4.653
4.45
4.683
4.451
4.453
4.755
4.927
4.812
5.13
4.581
4.897
4.401
4.623
4.715
4.798
8.134
4.627
4.966
4.778
4.839
4.935
4.899
5.016
4.345
4.401
4.786
4.895
5.061
6.801
4.53
4.905
4.726
8.123
4.73
4.455
4.658
4.553
4.783
4.81
4.902
4.527
4.424
4.543
4.695
4.578
6.606
4.62
4.638
4.416
4.516
4.89
4.756
4.97
5.097
4.823
4.436
4.658
4.708
4.809
4.474
4.599
4.958
4.378
4.324
4.534
4.621
4.647
4.491
5.272
5.237
4.564
5.101
4.753
4.592
4.935
4.552
5.057
4.847
4.91
4.806
4.513
4.724
4.628
4.631
4.492
4.295
4.565
4.569
4.605
7.052
4.548
4.465
4.35
4.796
4.926
4.578
4.562
4.603
4.402
5.133
4.463
4.753
5.012
4.842
4.671
4.837
4.621
4.899
4.92
4.547
5.075
4.64
4.493
4.98
4.547
4.447
4.441
4.697
4.66
4.701
4.654
4.646
4.368
5.032
4.523
4.616
4.61
4.711
4.577
4.165
4.501
4.735
5.025
4.948
5.975
5.0
4.448
5.256
4.526
5.17
4.383
4.524
4.638
4.637
4.941
4.872
4.642
6.864
4.971
4.54
4.508
4.432
4.919
4.784
4.55
4.997
4.481
4.653
4.89
5.295
4.431
5.047
4.587
5.004
4.77
4.672
4.706
5.163
4.522
5.204
4.873
4.974
4.74
5.542
4.47
4.607
4.363
4.808
4.385
4.522
4.779
4.673
4.392
4.714
4.792
4.917
4.552
4.751
4.427
4.609
4.737
4.371
4.891
4.397
4.75
4.295
4.67
4.414
4.903
4.505
4.42
4.474
4.788
4.932
5.398
4.903
4.654
4.678
4.793
4.935
4.993
4.531
5.003
4.816
4.743
4.425
4.561
4.863
4.647
4.573
4.652
4.818
4.809
4.628
4.495
4.802
4.707
4.245
4.72
4.475
4.567
4.467
4.702
4.934
5.088
4.956
4.682
4.598
4.398
4.533
4.483
4.665
5.08
4.651
4.694
4.708
5.062
4.831
4.564
4.344
4.733
4.796
4.542
4.863
4.713
4.927
4.529
4.827
4.791
4.531
4.626
4.459
4.546
4.884
4.672
4.637
4.553
4.48
4.494
4.696
4.585
4.834
4.42
4.544
4.478
4.641
4.943
4.706
4.838
4.746
4.646
4.861
4.582
5.026
4.418
4.791
4.673
5.244
4.618
5.211
4.805
4.582
4.407
4.697
4.655
4.386
4.516
4.769
5.296
4.545
4.428
4.632
4.345
4.585
4.568
5.97
4.984
4.358
4.996
4.636
4.808
4.701
4.913
4.86
4.56
5.24
4.585
4.71
4.582
4.824
4.987
5.196
4.769
4.61
4.51
5.243
4.898
4.925
4.906
4.988
4.671
4.938
4.881
5.151
4.963
4.38
4.537
4.683
4.373
5.009
4.424
4.483
4.488
4.529
4.86
4.682
5.289
4.782
4.959
4.736
4.64
4.511
4.675
4.607
