SETUP = ipsec
ITERATIONS = 1000
IPSEC_AUTH_METHOD = pubkey
IPSEC_IKE_CIPHER_SUITE = aes128gcm16-prfsha256-ecp256
IPSEC_ESP_CIPHER_SUITE = aes256-sha2_256
IPSEC_START_ACTION = start

Results: n=1000 mean=4.736 stdev=±0.564 99%conf=±0.046
5.165
4.7
4.369
4.203
4.424
4.553
4.039
4.392
4.586
4.289
4.367
4.63
4.899
4.559
4.547
4.345
4.62
4.423
4.523
4.57
4.47
4.646
4.851
4.356
7.8
5.146
4.203
4.363
4.813
4.278
4.436
4.57
4.281
4.913
4.169
4.114
4.335
4.662
4.51
4.317
4.393
4.586
4.325
4.395
4.875
4.616
4.615
4.36
4.198
4.542
4.325
4.591
4.135
4.408
4.789
4.199
4.503
5.137
4.345
4.548
4.461
4.421
4.573
4.154
7.186
4.513
4.291
4.603
4.219
4.26
4.625
4.313
4.123
4.534
4.655
3.975
4.665
4.622
4.733
4.895
4.667
4.86
4.397
4.865
4.308
4.681
4.27
4.253
4.386
4.024
4.286
4.38
4.879
4.63
5.166
4.805
4.496
4.352
4.741
4.379
5.002
4.294
4.548
4.507
5.163
4.682
4.8
4.485
4.254
4.406
4.94
4.217
4.505
5.691
4.437
4.567
4.802
4.528
4.302
5.803
4.236
4.371
5.068
4.493
4.273
4.526
4.264
4.956
5.008
4.284
5.167
4.526
6.98
4.39
4.369
4.743
4.661
4.367
4.563
4.321
4.238
4.477
4.387
4.251
4.448
4.541
4.172
3.947
4.215
4.475
4.476
4.423
4.234
4.646
4.407
4.663
4.525
4.358
4.536
4.514
4.36
4.765
4.501
4.517
4.189
4.61
6.553
4.222
4.946
4.575
4.488
4.41
4.427
5.275
4.33
4.406
4.678
4.416
4.839
4.848
4.589
4.942
4.509
4.506
4.344
4.607
4.436
4.185
4.717
4.394
4.333
4.506
6.108
4.45
7.429
4.708
4.966
4.765
4.842
4.654
4.355
4.497
5.015
3.956
4.268
5.151
4.55
4.576
4.695
4.714
4.556
4.718
4.691
5.014
4.677
5.175
4.83
4.286
4.512
4.769
4.516
6.949
4.323
4.626
4.861
4.792
4.505
4.656
4.572
5.132
4.64
4.485
4.997
4.425
4.739
4.5
4.734
4.564
4.627
4.558
4.955
4.512
4.605
6.833
4.227
4.621
4.466
4.7
4.761
4.469
4.726
4.662
4.631
4.49
4.431
4.539
4.493
5.87
4.845
4.863
4.623
7.731
4.514
5.074
4.448
4.148
4.854
4.41
4.697
4.413
4.996
4.25
5.35
4.375
4.993
4.878
4.092
4.809
4.94
4.787
4.425
4.748
4.299
6.707
4.599
4.921
4.245
5.783
4.659
4.368
4.422
4.514
4.7
4.492
5.087
4.513
5.093
4.541
4.403
5.202
4.379
4.864
4.725
4.461
4.954
5.748
4.848
5.018
4.184
4.347
4.083
4.813
4.68
5.039
4.274
4.917
4.096
4.206
4.333
4.985
4.554
4.434
4.304
4.872
4.573
5.081
4.709
4.442
4.593
5.005
4.887
5.0
4.668
7.019
4.731
4.394
4.915
4.537
4.765
4.954
4.748
4.418
4.911
4.424
4.488
4.801
4.67
4.6
4.066
4.339
4.495
4.531
4.415
5.323
4.775
5.376
4.461
4.496
4.926
6.89
4.404
4.445
4.855
4.569
4.596
4.855
4.988
4.382
5.041
4.529
4.349
4.571
4.153
4.584
4.927
4.322
4.558
4.489
4.889
4.75
4.411
4.504
4.514
5.148
4.612
4.833
4.611
7.454
5.143
4.54
4.514
4.893
4.779
4.829
4.379
4.601
4.359
4.958
5.056
4.533
8.267
4.271
4.336
4.883
4.318
4.682
4.679
4.791
4.256
4.901
4.571
4.421
4.644
4.434
4.825
4.853
5.09
7.777
4.831
4.597
4.6
4.539
4.816
4.621
4.621
4.91
4.934
4.545
4.866
4.498
4.37
4.554
4.384
4.827
4.775
4.594
4.119
5.306
4.738
4.538
5.079
4.083
5.26
4.711
4.592
4.631
4.753
4.623
4.735
4.694
4.795
4.348
4.736
4.475
4.637
7.686
4.269
4.096
4.98
4.939
4.871
7.762
4.626
7.629
5.116
4.457
4.634
4.675
5.044
4.983
5.171
4.212
4.669
4.747
5.156
4.593
4.701
4.659
4.406
4.546
4.711
4.197
4.763
4.533
4.308
4.598
4.839
4.587
4.539
4.411
4.696
5.04
5.184
6.157
4.592
4.343
5.537
4.352
4.53
4.129
4.591
4.362
4.713
4.738
5.288
4.785
5.015
5.071
4.785
4.724
4.53
4.499
5.082
4.508
4.515
5.347
4.487
4.807
4.766
5.361
4.541
4.809
4.765
4.704
4.996
4.713
4.375
4.522
4.908
4.541
6.873
4.551
4.331
4.653
4.414
4.57
5.499
4.545
5.121
4.375
4.418
4.847
4.983
4.678
4.653
4.771
5.279
4.447
4.612
4.459
4.929
5.377
4.701
4.388
4.782
4.752
4.814
4.682
4.711
4.649
4.971
4.448
4.916
4.71
4.877
4.666
4.516
4.456
4.445
4.761
4.667
4.822
4.682
4.872
4.691
4.482
5.578
4.935
4.359
4.673
4.098
4.674
4.467
4.481
4.416
4.542
5.048
4.587
5.184
4.862
4.508
4.557
4.92
4.736
4.67
4.328
4.367
4.828
4.683
5.005
4.693
4.71
4.745
4.365
4.626
4.605
4.482
4.547
4.681
4.284
4.763
5.069
5.052
5.003
4.36
4.352
4.657
4.97
4.888
4.524
4.439
4.825
5.077
4.194
4.813
4.747
4.638
4.166
4.448
4.782
4.333
4.634
4.564
7.617
4.426
6.758
4.489
4.512
4.492
4.668
5.043
4.826
4.64
4.543
5.062
4.429
5.196
4.892
4.529
4.751
4.916
4.253
4.441
4.615
4.485
4.52
4.836
4.759
4.597
4.783
4.78
4.751
4.951
4.371
4.926
7.189
4.787
7.071
4.285
4.687
4.475
4.877
4.644
4.696
5.209
4.193
4.561
4.465
8.391
4.867
4.56
4.556
4.679
4.816
4.796
4.701
4.684
4.523
4.332
4.839
4.418
5.027
4.727
4.509
4.456
4.777
4.834
5.194
4.443
4.846
5.08
4.463
5.512
5.024
4.395
4.5
4.283
4.251
4.824
4.537
8.055
5.166
4.698
4.744
4.564
4.814
4.772
4.504
4.557
4.815
4.615
4.628
4.57
4.569
4.384
4.749
4.598
4.693
4.749
4.986
5.433
4.324
4.592
5.176
4.462
4.555
4.617
4.62
4.14
5.066
4.398
4.964
4.558
4.679
4.746
4.975
4.521
4.478
4.494
4.94
4.827
4.38
5.022
4.45
4.529
4.754
5.235
4.828
4.478
5.501
5.775
4.545
7.037
4.563
4.642
4.841
4.719
5.13
4.542
5.265
5.15
4.626
4.302
4.582
4.661
4.768
4.72
4.603
4.601
4.796
4.776
4.817
4.592
4.559
4.311
4.492
4.443
4.158
5.223
4.973
4.401
4.497
4.435
4.366
4.625
4.569
4.703
4.351
4.353
4.738
4.559
4.334
4.541
4.499
4.364
4.667
4.621
4.488
4.515
5.498
4.592
5.397
4.5
4.637
4.692
5.731
4.414
4.549
4.54
4.557
4.699
4.766
4.631
4.562
4.603
4.559
4.84
4.509
4.471
4.323
4.728
4.909
4.167
4.523
4.81
4.945
4.684
4.913
4.535
4.947
5.169
4.953
4.418
4.788
4.554
4.622
4.794
4.893
4.456
4.262
4.48
4.353
4.596
4.39
4.784
4.944
7.936
4.448
4.704
4.543
4.656
4.775
4.575
4.804
4.555
4.74
4.471
4.429
5.067
5.217
4.975
4.71
4.827
4.681
4.657
4.755
5.046
4.701
4.566
4.844
4.622
4.083
4.449
5.025
4.724
4.563
5.36
6.238
5.09
7.214
4.949
4.385
4.775
4.442
5.536
4.486
4.683
4.486
8.313
4.925
4.717
4.909
4.545
4.61
4.929
4.329
4.966
4.497
4.701
4.328
4.618
4.704
4.544
4.752
4.579
5.331
4.465
5.09
5.091
4.556
4.5
4.797
4.514
4.456
4.486
4.5
4.748
4.74
4.893
4.985
4.59
4.756
4.538
4.559
4.786
4.93
6.814
4.56
4.351
4.47
4.792
4.546
4.125
4.529
4.486
5.06
4.865
4.846
5.125
4.032
5.156
4.658
4.623
4.626
4.541
4.538
4.517
5.036
4.552
4.432
4.626
4.767
4.601
4.529
4.372
4.835
4.376
4.628
4.533
4.267
4.481
4.447
4.573
4.374
4.437
8.029
5.165
4.767
4.424
5.284
4.616
4.448
4.286
4.984
4.433
4.571
5.232
5.003
4.723
4.71
6.281
4.887
4.561
4.74
4.379
4.688
4.465
4.66
4.604
4.576
