SETUP = ipsec
ITERATIONS = 1000
IPSEC_AUTH_METHOD = pubkey
IPSEC_IKE_CIPHER_SUITE = aes128gcm16-prfsha256-ecp256
IPSEC_ESP_CIPHER_SUITE = aes256-sha1
IPSEC_START_ACTION = start

Results: n=1000 mean=4.796 stdev=±0.592 99%conf=±0.048
5.044
4.668
4.178
5.407
4.481
4.938
4.627
4.398
4.172
4.306
4.347
4.414
4.677
4.377
4.669
4.469
4.315
4.879
4.368
4.825
4.612
4.379
4.706
5.011
4.729
4.563
4.529
4.56
4.451
4.59
4.606
4.441
4.445
4.526
4.819
4.313
4.238
4.296
4.269
7.352
4.244
4.428
4.444
4.307
4.733
4.403
4.325
4.666
4.789
4.542
4.883
4.396
4.711
4.507
6.62
4.215
4.262
4.568
4.398
4.824
4.587
4.449
4.313
4.488
4.207
4.857
4.974
4.658
4.644
4.529
4.657
4.389
4.378
4.335
4.167
4.539
4.368
4.323
4.968
7.772
4.626
4.359
4.156
4.534
4.306
7.202
4.649
4.213
5.133
4.428
4.871
4.416
4.691
4.502
4.538
4.695
4.556
4.411
4.505
4.48
4.579
4.354
4.576
4.313
4.318
4.565
4.884
4.663
4.662
4.564
4.227
4.361
4.573
4.541
4.137
5.032
4.853
4.631
4.689
4.419
4.802
7.734
4.393
4.23
4.901
4.891
4.736
4.574
4.607
4.608
4.509
4.374
4.426
4.731
4.234
4.466
4.496
4.597
4.884
4.809
6.868
4.435
4.703
5.06
4.295
4.265
4.449
4.523
4.536
4.641
4.35
5.328
4.496
4.561
4.339
4.665
4.337
4.787
4.468
4.75
4.676
4.631
4.646
4.045
4.387
4.659
4.649
4.966
4.459
4.863
4.672
4.803
4.488
8.565
4.549
7.763
4.483
4.722
4.8
4.71
4.193
4.478
4.385
4.552
4.827
4.391
4.608
4.149
4.584
4.867
4.981
4.59
4.287
4.799
4.98
4.345
4.462
4.977
4.886
5.032
4.305
5.05
4.414
7.6
4.293
4.904
4.55
4.55
4.675
4.806
4.226
4.398
4.448
4.981
4.547
4.234
4.996
4.669
4.436
4.411
4.313
4.889
4.552
4.535
4.7
4.842
4.708
4.394
4.795
4.388
4.522
4.758
4.341
4.804
4.806
4.828
4.435
4.78
4.355
4.246
4.748
4.78
4.442
4.575
4.623
4.36
4.547
4.707
5.013
4.874
4.942
4.504
4.71
5.033
4.517
4.939
7.607
4.22
4.707
4.524
4.345
4.758
4.453
4.713
6.281
4.523
5.073
4.82
4.607
4.258
4.394
4.789
4.378
4.791
4.603
4.889
4.68
4.774
4.538
4.782
5.041
4.76
4.645
4.872
4.354
5.111
5.044
4.998
4.581
5.11
4.732
4.308
4.593
4.821
4.574
5.017
5.071
4.797
4.519
4.406
4.158
4.733
4.805
4.997
4.732
4.618
4.353
4.414
4.563
4.955
4.74
4.785
4.777
4.556
4.551
4.538
4.879
4.464
4.848
4.338
4.45
4.613
4.727
4.398
4.237
4.601
4.805
4.291
4.692
5.155
4.62
4.66
4.346
7.435
6.151
4.473
4.352
4.208
4.404
4.513
4.99
4.563
4.387
4.884
4.652
4.607
5.013
4.258
6.109
5.055
6.722
4.834
4.645
5.194
4.61
4.985
4.49
4.947
4.617
4.806
4.825
4.487
4.766
4.575
4.372
4.762
4.446
4.776
4.802
5.867
4.932
4.492
4.781
4.769
4.796
4.331
4.666
5.163
4.57
4.532
5.066
4.824
4.948
4.656
4.651
4.376
4.519
5.189
4.532
4.982
4.866
4.954
5.049
4.602
4.876
5.485
4.577
4.577
4.448
4.907
4.782
4.526
4.387
4.565
4.612
5.217
4.837
4.948
4.655
4.338
4.809
4.518
4.828
4.49
4.969
5.289
5.042
4.825
5.371
4.846
4.614
5.203
4.7
4.831
4.372
5.297
6.928
4.272
5.32
4.886
4.633
4.498
4.383
4.625
4.757
4.651
4.991
4.725
4.856
4.683
4.67
4.887
4.639
4.363
4.761
4.552
4.9
4.428
4.596
4.837
4.828
4.828
4.24
4.494
5.005
4.492
4.351
4.509
6.535
4.437
4.421
5.067
4.715
4.986
4.64
4.579
5.125
5.192
4.569
4.968
4.739
4.362
4.54
4.314
4.704
8.353
4.845
4.432
4.627
4.507
4.471
4.657
4.978
4.775
4.878
4.617
4.601
4.777
7.819
4.793
4.603
4.689
4.718
5.202
5.049
4.8
5.16
4.585
4.681
4.908
4.842
5.159
4.685
4.523
4.462
7.817
4.65
4.688
4.916
4.642
4.562
4.927
4.766
4.536
4.52
4.408
5.656
4.601
4.53
4.963
4.781
4.732
4.676
4.646
4.643
4.441
4.822
5.461
4.432
4.793
4.84
4.911
5.084
4.882
5.545
5.032
4.946
4.966
4.678
5.178
4.417
5.095
5.339
5.076
4.515
4.776
4.419
5.042
4.565
4.772
4.443
5.308
5.107
4.496
4.6
4.742
4.527
4.463
4.751
4.415
4.488
4.538
4.736
4.961
5.313
4.825
5.006
4.709
4.838
4.718
4.68
4.628
4.356
4.656
5.194
4.436
4.591
4.529
5.181
4.453
4.94
4.695
4.864
4.626
4.505
4.631
4.505
4.757
4.963
4.569
4.121
5.462
4.663
4.445
4.773
4.329
4.502
4.575
5.063
4.926
4.733
4.771
4.355
4.622
4.555
5.079
4.767
4.621
5.236
4.872
4.609
4.343
4.715
4.638
5.323
4.613
4.384
4.993
4.677
4.737
4.773
8.176
4.725
7.974
5.235
4.46
4.987
4.445
4.733
4.964
4.765
5.408
4.819
4.804
4.692
4.393
4.874
4.72
4.758
4.529
4.735
4.744
4.58
4.676
4.441
4.655
5.109
5.127
5.007
5.015
5.236
4.69
4.468
4.886
4.852
4.979
4.397
4.785
4.909
4.595
4.922
4.532
7.379
4.601
6.862
5.016
5.094
4.903
4.855
4.933
5.281
4.53
4.722
4.615
4.714
4.761
4.453
4.312
4.647
4.861
4.725
8.027
4.655
4.676
4.641
4.799
4.796
4.666
5.06
4.535
6.476
4.644
4.287
5.014
4.53
4.291
4.495
4.555
4.592
4.763
5.064
4.652
4.793
4.856
4.898
4.673
4.673
4.803
4.456
4.974
4.71
4.938
4.82
4.54
4.486
4.591
4.626
4.79
4.611
4.671
4.32
5.438
7.715
4.841
6.19
4.742
4.45
4.749
4.549
4.732
4.655
4.931
4.481
4.601
4.799
4.662
4.415
4.515
5.159
4.503
5.137
4.574
4.507
7.985
4.997
4.598
4.922
4.845
4.653
4.588
4.723
4.822
5.004
4.531
5.118
4.626
5.55
4.81
4.687
4.714
4.886
4.851
4.224
4.794
4.418
4.444
4.725
4.597
4.722
4.594
4.383
5.193
4.875
4.649
4.611
4.744
4.323
4.668
4.973
4.788
4.443
4.383
4.396
4.629
4.514
4.965
4.437
4.538
4.643
5.075
5.148
4.578
4.826
4.414
4.513
5.206
4.651
4.864
5.138
5.113
4.689
5.058
5.246
4.351
4.832
4.863
4.425
4.668
4.631
5.03
4.587
4.494
5.344
4.673
4.639
4.699
5.268
4.655
4.429
4.443
4.455
4.957
4.507
4.632
4.47
4.781
7.644
4.652
4.694
4.403
4.69
4.924
4.559
4.54
4.394
4.599
4.689
5.047
4.638
4.871
5.325
5.365
4.691
4.854
4.931
7.678
4.526
4.714
4.57
4.805
4.833
5.035
4.291
4.98
5.382
4.386
4.881
4.496
4.741
4.467
7.194
4.525
4.434
5.168
4.518
4.76
4.751
4.868
4.344
4.745
4.49
5.113
4.474
4.62
4.786
7.58
4.899
6.286
4.806
4.813
4.802
4.495
4.823
4.655
4.517
4.593
6.247
4.758
4.665
4.955
4.731
4.561
4.749
4.695
4.827
4.46
4.177
4.75
5.016
4.462
4.696
8.41
4.768
4.687
4.943
4.917
4.741
4.873
5.086
4.569
4.672
4.678
5.136
4.61
4.956
4.943
7.491
4.663
4.764
4.536
4.47
4.532
4.687
4.938
4.795
4.263
4.787
5.137
4.37
4.668
4.882
4.497
4.791
5.29
4.523
4.708
4.77
4.743
4.936
5.272
4.753
4.897
4.889
4.632
4.662
4.654
4.297
4.548
7.779
4.905
7.761
4.851
4.581
4.893
4.71
5.004
4.67
4.85
5.229
4.585
4.691
4.639
5.113
6.624
5.182
4.452
4.425
5.029
4.818
4.85
4.938
4.537
4.415
4.598
4.789
4.583
4.926
4.955
5.117
4.582
4.351
4.957
4.614
4.95
4.957
4.514
4.732
4.913
4.654
5.064
4.432
4.619
5.156
5.227
4.339
4.387
4.749
4.787
4.549
4.646
