SETUP = noenc
ITERATIONS = 1000

Results: n=1000 mean=4.606 stdev=±0.625 99%conf=±0.051
5.518
5.219
4.817
4.501
4.383
4.782
4.68
4.481
4.236
4.568
5.102
5.188
4.345
4.709
5.155
5.051
10.267
5.857
4.878
4.786
5.208
5.396
4.621
5.254
4.993
5.189
4.96
4.403
4.799
5.673
5.521
4.78
5.021
6.793
4.732
5.692
4.621
5.22
6.317
7.11
7.194
5.044
6.808
5.305
4.384
5.05
6.218
4.895
5.608
4.373
4.953
4.837
5.118
5.116
4.942
5.85
4.032
5.875
5.566
5.463
4.945
4.565
4.706
4.935
4.307
4.692
4.252
4.884
4.304
4.519
4.192
4.423
4.732
4.696
4.84
4.984
5.29
4.758
4.475
4.3
4.493
4.843
6.808
4.142
4.477
4.836
5.274
4.784
4.356
4.638
4.886
4.105
4.785
4.441
4.817
4.44
4.328
4.085
4.662
4.527
4.13
4.819
4.475
4.404
4.268
4.443
4.381
4.752
4.163
4.38
4.562
4.952
4.302
4.444
4.382
4.503
4.194
4.362
5.035
4.259
4.401
4.907
5.346
4.79
4.615
4.793
4.499
7.571
4.346
5.255
5.306
4.515
4.81
4.301
5.262
4.65
5.08
5.492
5.128
4.459
4.77
4.9
4.886
5.054
4.712
4.243
4.765
4.002
4.421
4.471
4.362
5.134
4.506
4.553
5.538
4.728
4.426
4.647
4.983
4.348
4.698
4.396
5.091
5.534
4.552
5.132
4.919
4.423
4.843
4.951
4.52
5.154
4.483
4.482
4.256
5.077
4.529
4.553
4.776
4.222
4.887
5.077
5.686
5.95
4.6
5.815
4.586
5.377
4.82
4.605
4.993
4.314
4.211
4.899
4.401
5.13
5.175
4.166
5.382
4.999
4.709
4.258
4.362
4.807
6.503
4.675
5.49
4.893
4.853
4.667
4.381
4.669
9.465
4.983
4.725
5.195
5.165
4.947
4.908
4.747
4.093
4.873
4.364
4.874
4.502
4.943
5.281
4.501
4.38
5.041
5.123
4.94
5.155
4.695
4.958
4.751
5.459
5.056
4.916
5.118
4.681
4.549
5.094
4.755
4.852
6.934
4.883
4.969
4.715
5.69
4.8
4.693
5.077
4.668
5.14
4.484
4.977
4.582
7.84
5.127
5.563
4.603
4.69
5.076
4.385
4.275
4.402
5.225
5.023
5.172
4.686
4.864
5.016
5.379
4.972
5.246
5.766
5.17
5.33
5.127
5.039
5.376
5.372
5.148
5.04
5.133
4.947
5.723
5.111
4.568
5.207
5.675
6.055
5.091
5.076
4.588
5.117
4.733
5.394
6.16
5.515
4.853
4.684
5.056
5.002
5.228
4.888
5.039
5.459
4.662
5.676
5.873
5.171
5.178
4.618
4.724
5.591
4.323
4.408
4.8
4.159
4.57
4.955
4.507
4.559
4.863
4.382
4.21
4.157
4.414
4.306
4.081
4.576
4.23
4.328
4.336
4.342
4.614
4.795
4.1
4.377
4.194
4.235
4.195
4.517
3.841
4.771
5.017
4.35
4.855
4.911
4.678
4.535
3.767
3.863
4.185
4.112
4.39
4.017
4.077
4.422
4.241
6.485
4.023
4.339
4.241
4.643
4.659
4.093
4.498
4.25
4.256
4.662
4.305
4.168
4.136
4.491
4.527
4.308
4.216
4.46
5.202
4.343
4.139
6.331
4.196
4.339
4.271
4.239
4.642
4.68
4.373
4.587
4.034
4.374
4.27
4.393
4.779
4.195
4.872
5.172
4.508
4.579
4.249
4.14
4.145
4.211
4.433
4.276
4.155
4.684
4.125
4.06
4.303
4.109
4.131
4.399
4.357
4.449
4.326
6.0
4.29
4.255
4.179
4.319
4.465
4.051
4.166
4.041
4.546
4.495
4.349
4.347
4.106
4.14
4.385
4.292
4.485
4.794
4.497
4.542
4.354
4.093
4.151
4.024
4.2
6.422
4.349
4.172
4.046
4.535
4.359
4.221
4.254
4.593
4.1
4.364
4.004
4.208
4.211
4.135
4.363
4.325
4.113
4.441
4.354
4.042
4.734
3.986
4.381
7.14
4.233
4.192
4.166
4.118
4.331
8.723
4.214
4.768
4.879
4.273
4.575
4.742
4.456
4.315
4.294
4.392
4.686
4.515
4.662
4.338
4.442
4.595
4.213
4.464
4.371
6.842
4.104
4.232
4.51
4.282
4.101
4.314
4.297
4.624
4.591
4.071
4.013
4.669
4.761
7.424
4.039
4.373
4.157
6.837
4.367
4.304
4.118
4.245
4.005
5.678
4.422
7.592
4.448
4.121
4.024
4.35
4.434
4.706
4.106
3.93
4.58
4.76
4.374
4.136
4.014
4.506
4.183
4.286
4.472
4.413
4.613
4.212
4.252
4.316
4.39
4.319
4.343
4.166
4.199
4.306
5.55
4.145
4.362
4.362
4.24
4.506
4.245
4.583
4.15
4.167
4.435
4.381
4.167
4.314
5.887
4.722
5.003
4.372
4.417
3.911
4.219
4.568
4.504
4.046
5.037
4.688
4.416
4.337
4.123
4.553
4.444
4.267
4.593
4.641
4.068
4.791
3.676
4.312
4.123
4.397
4.699
4.261
4.363
4.395
4.565
4.383
4.05
4.132
4.383
4.16
4.236
4.404
4.25
4.129
4.328
4.371
4.248
4.781
4.119
4.446
4.134
3.639
4.18
4.393
3.954
4.263
4.166
4.123
4.319
4.161
4.56
4.356
4.384
4.629
4.757
4.277
4.083
4.49
4.387
4.008
4.646
4.154
4.433
4.183
4.077
4.1
4.309
4.462
4.305
4.434
4.241
4.109
4.336
4.645
4.118
4.352
4.463
4.448
4.377
4.8
4.165
3.963
4.533
4.285
4.228
4.055
4.322
4.596
4.097
5.957
4.371
7.577
4.38
4.767
4.848
4.513
4.17
4.117
4.345
4.792
4.442
4.457
4.564
4.725
4.369
4.45
4.743
4.509
4.244
4.483
4.366
4.236
4.613
4.391
4.057
4.364
4.355
4.616
5.014
4.187
4.38
4.507
4.216
4.181
4.321
4.351
4.138
4.377
4.571
4.944
4.274
4.386
4.658
4.567
4.384
4.563
6.629
4.265
4.48
4.152
4.323
4.653
4.449
4.298
4.63
4.294
4.113
4.293
4.198
4.455
4.313
4.269
7.285
4.725
4.308
4.545
4.19
4.32
4.152
4.561
4.124
4.624
4.436
4.289
4.52
4.594
4.242
4.318
4.205
4.11
4.64
4.189
4.133
4.329
4.182
4.412
4.783
4.521
4.55
4.456
4.336
4.549
4.258
4.046
4.092
4.679
4.35
4.395
4.295
4.559
4.111
4.638
3.988
4.378
4.582
4.424
4.542
4.556
4.923
4.573
4.566
4.317
4.598
4.383
4.18
4.695
4.143
4.465
4.43
4.555
4.246
4.355
3.989
4.405
4.077
4.496
4.298
4.15
4.275
4.147
4.095
4.127
4.262
4.039
4.135
4.331
4.216
4.849
4.724
4.524
4.299
4.189
4.297
4.275
4.248
4.889
3.859
4.448
4.548
4.096
4.188
4.375
4.347
4.798
4.521
4.119
4.332
4.247
4.149
4.201
4.158
4.054
4.192
4.309
4.93
4.197
4.426
4.686
4.095
4.687
4.271
4.149
4.231
4.193
4.672
4.138
4.497
4.324
4.524
4.288
3.929
4.16
4.486
4.072
4.396
4.122
4.647
4.35
4.43
4.075
4.566
4.269
4.292
4.166
4.099
4.478
4.149
4.633
4.162
4.275
4.159
4.206
4.468
4.405
4.618
4.555
3.994
4.491
4.861
5.136
4.308
4.353
4.085
4.528
4.268
4.393
4.374
4.715
4.021
4.428
4.466
4.685
4.627
4.265
4.149
4.242
4.178
4.193
4.459
4.475
3.985
4.056
4.422
4.258
4.102
4.203
4.631
4.39
5.316
4.385
5.994
4.142
4.86
4.562
4.34
4.565
4.611
4.257
4.744
4.719
4.45
4.29
4.503
4.223
3.914
4.323
4.383
4.227
8.21
4.345
4.116
4.161
4.641
4.367
4.48
4.275
4.612
4.575
4.186
4.439
4.088
4.244
4.599
4.214
4.686
4.11
4.06
4.204
4.204
4.121
4.344
4.37
4.051
4.342
4.542
4.193
4.102
4.474
4.298
7.696
4.304
7.242
4.083
4.295
4.857
4.095
4.583
4.49
4.287
4.508
4.481
7.16
4.248
4.62
4.642
4.309
4.759
4.141
4.116
4.245
5.017
4.276
4.575
4.487
4.218
4.226
4.777
4.524
4.544
4.227
4.633
5.094
4.373
4.439
4.287
4.296
4.244
4.187
4.466
4.076
4.135
4.842
4.672
4.811
4.58
4.508
4.294
4.392
4.439
